Sample	FastQC_mqc-generalstats-fastqc-percent_duplicates	FastQC_mqc-generalstats-fastqc-percent_gc	FastQC_mqc-generalstats-fastqc-avg_sequence_length	FastQC_mqc-generalstats-fastqc-median_sequence_length	FastQC_mqc-generalstats-fastqc-percent_fails	FastQC_mqc-generalstats-fastqc-total_sequences
3_A01_109_X11_68_rt2_i_10479813_22MM3HLT4_L3_R1_trimmed2	24.057274019018465	41.0	110.88512405727401	122	18.181818181818183	9149.0
3_A01_109_X11_68_rt2_i_10479813_22MM3HLT4_L3_R2_trimmed2	9.421794731664662	41.0	115.8105803912996	127	36.36363636363637	9149.0
3_A02_113_C17_rt2_o_10479813_22MM3HLT4_L3_R1_trimmed2	55.66293295132091	38.0	91.35397610347337	92	27.27272727272727	511204.0
3_A02_113_C17_rt2_o_10479813_22MM3HLT4_L3_R2_trimmed2	16.046364094629993	39.0	104.03891010242486	107	36.36363636363637	511204.0
3_A03_115_X1_54_rt1_i_10479813_22MM3HLT4_L3_R1_trimmed2	88.53449814037141	39.0	113.84884432604348	122	27.27272727272727	24529453.0
3_A03_115_X1_54_rt1_i_10479813_22MM3HLT4_L3_R2_trimmed2	42.88267474745675	39.0	117.28825575523433	132	27.27272727272727	24529453.0
3_A04_303_X11_68_rt2_i_10479813_22MM3HLT4_L3_R1_trimmed2	34.70712030866363	44.0	98.12329007365837	102	27.27272727272727	5702.0
3_A04_303_X11_68_rt2_i_10479813_22MM3HLT4_L3_R2_trimmed2	14.64398456681866	43.0	106.61417046650298	112	36.36363636363637	5702.0
3_A05_113_C17_rt2_i_10479813_22MM3HLT4_L3_R1_trimmed2	83.97694067338844	37.0	112.45423907558973	122	27.27272727272727	21562720.0
3_A05_113_C17_rt2_i_10479813_22MM3HLT4_L3_R2_trimmed2	23.29814115296365	38.0	118.98376109322015	132	18.181818181818183	21562720.0
3_A06_206_C17_rt3_o_10479813_22MM3HLT4_L3_R1_trimmed2	76.72727402979726	39.0	93.61964608417283	92	27.27272727272727	4805945.0
3_A06_206_C17_rt3_o_10479813_22MM3HLT4_L3_R2_trimmed2	38.447066890835515	39.0	103.00344115465325	107	18.181818181818183	4805945.0
3_A07_304_X5_31_rt2_i_10479813_22MM3HLT4_L3_R1_trimmed2	88.13708642036345	38.0	107.07936789453153	112	18.181818181818183	24724355.0
3_A07_304_X5_31_rt2_i_10479813_22MM3HLT4_L3_R2_trimmed2	22.133625662601432	39.0	115.61640119631028	127	18.181818181818183	24724355.0
3_A08_113_C17_rt3_i_10479813_22MM3HLT4_L3_R1_trimmed2	90.2489189249827	37.0	115.12737331761328	132	18.181818181818183	24095753.0
3_A08_113_C17_rt3_i_10479813_22MM3HLT4_L3_R2_trimmed2	22.667250580805714	37.0	116.82712696299635	132	18.181818181818183	24095753.0
3_A09_106_X4_46_rt2_i_10479813_22MM3HLT4_L3_R1_trimmed2	86.16646062027769	37.0	106.9457126982396	112	18.181818181818183	22357162.0
3_A09_106_X4_46_rt2_i_10479813_22MM3HLT4_L3_R2_trimmed2	34.84882771856502	37.0	112.83533867133941	127	18.181818181818183	22357162.0
3_A10_112_X4_67_rt3_o_10479813_22MM3HLT4_L3_R1_trimmed2	94.7185998268105	35.0	83.58309435280246	82	36.36363636363637	18942617.0
3_A10_112_X4_67_rt3_o_10479813_22MM3HLT4_L3_R2_trimmed2	38.45147108811967	37.0	97.11271626301688	97	18.181818181818183	18942617.0
3_A11_207_A04_rt2_i_10479813_22MM3HLT4_L3_R1_trimmed2	83.32181503813003	43.0	91.64253913950431	92	36.36363636363637	8283830.0
3_A11_207_A04_rt2_i_10479813_22MM3HLT4_L3_R2_trimmed2	51.77723950695843	43.0	101.08348481318424	107	36.36363636363637	8283830.0
3_A12_218_X8_415_rt3_o_10479813_22MM3HLT4_L3_R1_trimmed2	71.7020074569803	48.0	93.75251267172573	102	45.45454545454545	519069.0
3_A12_218_X8_415_rt3_o_10479813_22MM3HLT4_L3_R2_trimmed2	42.665719574927586	47.0	102.59709017490931	107	36.36363636363637	519069.0
3_B01_109_X11_68_rt3_i_10479813_22MM3HLT4_L3_R1_trimmed2	30.089509878834193	40.0	112.92429865735181	122	18.181818181818183	18322.0
3_B01_109_X11_68_rt3_i_10479813_22MM3HLT4_L3_R2_trimmed2	9.944329221700684	40.0	118.22011789105993	132	36.36363636363637	18322.0
3_B02_313_X1_54_rt1_i_10479813_22MM3HLT4_L3_R1_trimmed2	84.36370408818058	38.0	108.94079740635993	112	18.181818181818183	14497000.0
3_B02_313_X1_54_rt1_i_10479813_22MM3HLT4_L3_R2_trimmed2	31.65894933727907	38.0	114.98010609091536	127	18.181818181818183	14497000.0
3_B03_115_X1_54_rt1_o_10479813_22MM3HLT4_L3_R1_trimmed2	90.1201166347441	35.0	124.49001109423921	137	18.181818181818183	24813779.0
3_B03_115_X1_54_rt1_o_10479813_22MM3HLT4_L3_R2_trimmed2	22.204127304599325	36.0	124.87421077619818	137	18.181818181818183	24813779.0
3_B04_411_C17_rt1_o_10479813_22MM3HLT4_L3_R1_trimmed2	89.83843612959807	36.0	116.78719321096803	127	27.27272727272727	20653077.0
3_B04_411_C17_rt1_o_10479813_22MM3HLT4_L3_R2_trimmed2	32.34262167859005	36.0	120.23430590996199	132	18.181818181818183	20653077.0
3_B05_206_C17_rt1_i_10479813_22MM3HLT4_L3_R1_trimmed2	83.83186873007647	36.0	103.99327247373998	107	18.181818181818183	22573379.0
3_B05_206_C17_rt1_i_10479813_22MM3HLT4_L3_R2_trimmed2	35.52360649066006	37.0	110.16654600093322	117	27.27272727272727	22573379.0
3_B06_313_X1_54_rt2_o_10479813_22MM3HLT4_L3_R1_trimmed2	88.21289160228416	38.0	103.19445225858169	107	27.27272727272727	20418832.0
3_B06_313_X1_54_rt2_o_10479813_22MM3HLT4_L3_R2_trimmed2	26.33548596820262	40.0	113.6898397518526	122	18.181818181818183	20418832.0
3_B07_219_X2_24_rt1_o_10479813_22MM3HLT4_L3_R1_trimmed2	88.0221500770121	38.0	98.52080161823889	102	27.27272727272727	22007134.0
3_B07_219_X2_24_rt1_o_10479813_22MM3HLT4_L3_R2_trimmed2	34.487820664214425	39.0	108.31876213413341	117	18.181818181818183	22007134.0
3_B08_206_C17_rt3_i_10479813_22MM3HLT4_L3_R1_trimmed2	86.98873195149427	37.0	116.10818249624161	132	18.181818181818183	22622033.0
3_B08_206_C17_rt3_i_10479813_22MM3HLT4_L3_R2_trimmed2	38.18073406882366	36.0	115.91217394121917	132	18.181818181818183	22622033.0
3_B09_106_X4_46_rt3_i_10479813_22MM3HLT4_L3_R1_trimmed2	80.69401862835046	43.0	96.58290340352943	97	36.36363636363637	6338244.0
3_B09_106_X4_46_rt3_i_10479813_22MM3HLT4_L3_R2_trimmed2	41.86993577211111	43.0	106.76317999117737	112	27.27272727272727	6338244.0
3_B10_118_C14_rt2_i_10479813_22MM3HLT4_L3_R1_trimmed2	88.58885613061209	38.0	107.21360169404441	112	18.181818181818183	28318502.0
3_B10_118_C14_rt2_i_10479813_22MM3HLT4_L3_R2_trimmed2	23.46234497307151	39.0	115.68579810471613	127	18.181818181818183	28318502.0
3_B11_207_A04_rt3_i_10479813_22MM3HLT4_L3_R1_trimmed2	74.91615465515966	44.0	98.81139319181487	102	36.36363636363637	2091600.0
3_B11_207_A04_rt3_i_10479813_22MM3HLT4_L3_R2_trimmed2	39.00718443873006	44.0	108.37699799196787	117	36.36363636363637	2091600.0
3_B12_220_X10_39_rt1_i_10479813_22MM3HLT4_L3_R1_trimmed2	86.11129540496098	38.0	104.19856304283871	112	18.181818181818183	15710698.0
3_B12_220_X10_39_rt1_i_10479813_22MM3HLT4_L3_R2_trimmed2	37.6542988752934	39.0	111.17220399755631	122	18.181818181818183	15710698.0
3_C01_320_X2_24_rt1_i_10479813_22MM3HLT4_L3_R1_trimmed2	19.441210710128047	45.0	124.13038416763679	137	18.181818181818183	1718.0
3_C01_320_X2_24_rt1_i_10479813_22MM3HLT4_L3_R2_trimmed2	4.772991850989527	42.0	127.08323632130384	142	27.27272727272727	1718.0
3_C02_313_X1_54_rt2_i_10479813_22MM3HLT4_L3_R1_trimmed2	85.84925875200562	40.0	103.27088513903892	107	27.27272727272727	11792057.0
3_C02_313_X1_54_rt2_i_10479813_22MM3HLT4_L3_R2_trimmed2	45.32841540256142	41.0	110.6119336092083	117	27.27272727272727	11792057.0
3_C03_115_X1_54_rt2_i_10479813_22MM3HLT4_L3_R1_trimmed2	89.25877979213291	39.0	106.81506521886102	112	27.27272727272727	22926650.0
3_C03_115_X1_54_rt2_i_10479813_22MM3HLT4_L3_R2_trimmed2	44.373121774734244	40.0	113.9201102210746	122	27.27272727272727	22926650.0
3_C04_411_C17_rt2_i_10479813_22MM3HLT4_L3_R1_trimmed2	90.7268088882875	37.0	114.12730780352466	127	18.181818181818183	23958712.0
3_C04_411_C17_rt2_i_10479813_22MM3HLT4_L3_R2_trimmed2	32.799267156050746	37.0	116.03433640339264	132	18.181818181818183	23958712.0
3_C05_113_C17_rt1_i_10479813_22MM3HLT4_L3_R1_trimmed2	69.43788566899384	41.0	96.17784939935541	97	36.36363636363637	1058030.0
3_C05_113_C17_rt1_i_10479813_22MM3HLT4_L3_R2_trimmed2	42.15194118998872	42.0	104.58042777615002	107	36.36363636363637	1058030.0
3_C06_113_C17_rt1_o_10479813_22MM3HLT4_L3_R1_trimmed2	84.86022726415356	37.0	100.78050199598972	102	18.181818181818183	11747305.0
3_C06_113_C17_rt1_o_10479813_22MM3HLT4_L3_R2_trimmed2	38.39101906016823	38.0	109.04418324032619	117	18.181818181818183	11747305.0
3_C07_109_X11_68_rt3_o_10479813_22MM3HLT4_L3_R1_trimmed2	78.94548983159328	38.0	89.00256327533242	87	27.27272727272727	7067130.0
3_C07_109_X11_68_rt3_o_10479813_22MM3HLT4_L3_R2_trimmed2	32.224808994426496	39.0	100.59413269601663	102	27.27272727272727	7067130.0
3_C08_206_C17_rt2_o_10479813_22MM3HLT4_L3_R1_trimmed2	87.59673225205029	36.0	115.11110580261598	127	18.181818181818183	27210055.0
3_C08_206_C17_rt2_o_10479813_22MM3HLT4_L3_R2_trimmed2	25.32059463230945	37.0	117.89397764907127	132	18.181818181818183	27210055.0
3_C09_106_X4_46_rt3_o_10479813_22MM3HLT4_L3_R1_trimmed2	84.18407137199067	39.0	98.00466292043635	97	27.27272727272727	14353451.0
3_C09_106_X4_46_rt3_o_10479813_22MM3HLT4_L3_R2_trimmed2	38.345614737150335	40.0	107.49846862611646	112	27.27272727272727	14353451.0
3_C10_118_C14_rt3_i_10479813_22MM3HLT4_L3_R1_trimmed2	85.0166243000409	39.0	95.59947598127297	97	27.27272727272727	14558640.0
3_C10_118_C14_rt3_i_10479813_22MM3HLT4_L3_R2_trimmed2	35.70316917660381	40.0	106.47972708989302	112	27.27272727272727	14558640.0
3_C11_210_X11_68_rt2_i_10479813_22MM3HLT4_L3_R1_trimmed2	89.52271392030832	37.0	114.56628760901948	127	18.181818181818183	26537916.0
3_C11_210_X11_68_rt2_i_10479813_22MM3HLT4_L3_R2_trimmed2	30.969047530776592	38.0	118.33149762023514	132	18.181818181818183	26537916.0
3_C12_220_X10_39_rt2_i_10479813_22MM3HLT4_L3_R1_trimmed2	86.22323374427198	38.0	96.21310537228804	97	27.27272727272727	19096947.0
3_C12_220_X10_39_rt2_i_10479813_22MM3HLT4_L3_R2_trimmed2	36.65150324981797	39.0	106.87736458607756	112	18.181818181818183	19096947.0
3_D01_320_X2_24_rt2_i_10479813_22MM3HLT4_L3_R1_trimmed2	25.34753031647442	38.0	109.42901508429459	117	18.181818181818183	13524.0
3_D01_320_X2_24_rt2_i_10479813_22MM3HLT4_L3_R2_trimmed2	6.004140786749474	38.0	115.5818544809228	127	36.36363636363637	13524.0
3_D02_313_X1_54_rt3_o_10479813_22MM3HLT4_L3_R1_trimmed2	68.43484400350663	41.0	94.8102931854993	97	36.36363636363637	1298393.0
3_D02_313_X1_54_rt3_o_10479813_22MM3HLT4_L3_R2_trimmed2	30.159638467971916	42.0	105.02123856182219	107	36.36363636363637	1298393.0
3_D03_115_X1_54_rt2_o_10479813_22MM3HLT4_L3_R1_trimmed2	88.92273331189755	38.0	107.86732236808045	112	27.27272727272727	29012494.0
3_D03_115_X1_54_rt2_o_10479813_22MM3HLT4_L3_R2_trimmed2	38.01022745675752	39.0	114.16308818538661	127	18.181818181818183	29012494.0
3_D04_302_C17_rt1_i_10479813_22MM3HLT4_L3_R1_trimmed2	88.4431408674607	38.0	107.26891956010745	112	18.181818181818183	22542596.0
3_D04_302_C17_rt1_i_10479813_22MM3HLT4_L3_R2_trimmed2	35.70648928639298	38.0	114.07727211187212	127	18.181818181818183	22542596.0
3_D05_219_X2_24_rt2_o_10479813_22MM3HLT4_L3_R1_trimmed2	90.95581464557975	34.0	113.1582396638358	122	27.27272727272727	28547002.0
3_D05_219_X2_24_rt2_o_10479813_22MM3HLT4_L3_R2_trimmed2	31.709322687379498	35.0	116.86058826772774	132	18.181818181818183	28547002.0
3_D06_320_X2_24_rt1_o_10479813_22MM3HLT4_L3_R1_trimmed2	34.88273323580765	39.0	94.43995092256147	97	18.181818181818183	42382.0
3_D06_320_X2_24_rt1_o_10479813_22MM3HLT4_L3_R2_trimmed2	14.652446793450054	40.0	103.56122882355717	107	36.36363636363637	42382.0
3_D07_303_X11_68_rt3_o_10479813_22MM3HLT4_L3_R1_trimmed2	84.38700360988364	38.0	91.27050522676416	87	27.27272727272727	12851833.0
3_D07_303_X11_68_rt3_o_10479813_22MM3HLT4_L3_R2_trimmed2	26.178171328981676	38.0	103.07577596129673	107	27.27272727272727	12851833.0
3_D08_105_X5_66_rt1_i_10479813_22MM3HLT4_L3_R1_trimmed2	89.88411461201989	40.0	104.79390726179986	107	27.27272727272727	23654783.0
3_D08_105_X5_66_rt1_i_10479813_22MM3HLT4_L3_R2_trimmed2	39.91225707577504	40.0	112.90857798188215	122	27.27272727272727	23654783.0
3_D09_107_X4_32_rt2_i_10479813_22MM3HLT4_L3_R1_trimmed2	89.61414646650168	36.0	99.36633305519966	102	36.36363636363637	25064686.0
3_D09_107_X4_32_rt2_i_10479813_22MM3HLT4_L3_R2_trimmed2	34.4222641263479	37.0	109.66472650006467	117	18.181818181818183	25064686.0
3_D10_118_C14_rt3_o_10479813_22MM3HLT4_L3_R1_trimmed2	86.21438356450082	36.0	111.33001434304435	122	18.181818181818183	34740184.0
3_D10_118_C14_rt3_o_10479813_22MM3HLT4_L3_R2_trimmed2	27.54348723581319	37.0	115.45048379709215	127	18.181818181818183	34740184.0
3_D11_210_X11_68_rt2_o_10479813_22MM3HLT4_L3_R1_trimmed2	87.14730753650387	47.0	85.68270827407277	87	45.45454545454545	15043027.0
3_D11_210_X11_68_rt2_o_10479813_22MM3HLT4_L3_R2_trimmed2	41.84700405505729	46.0	98.88606701297552	102	27.27272727272727	15043027.0
3_D12_302_C17_rt1_o_10479813_22MM3HLT4_L3_R1_trimmed2	84.22689935834754	42.0	86.06948778587397	87	27.27272727272727	11237644.0
3_D12_302_C17_rt1_o_10479813_22MM3HLT4_L3_R2_trimmed2	36.56302907297086	42.0	99.60926231512585	102	27.27272727272727	11237644.0
3_E01_320_X2_24_rt3_o_10479813_22MM3HLT4_L3_R1_trimmed2	52.10075203770696	44.0	106.02370194689203	112	36.36363636363637	66619.0
3_E01_320_X2_24_rt3_o_10479813_22MM3HLT4_L3_R2_trimmed2	27.42460859514553	43.0	111.18602801002717	122	36.36363636363637	66619.0
3_E02_412_X11_68_rt1_o_10479813_22MM3HLT4_L3_R1_trimmed2	57.432396179049896	40.0	90.9821368078176	92	36.36363636363637	383750.0
3_E02_412_X11_68_rt1_o_10479813_22MM3HLT4_L3_R2_trimmed2	25.677101706556897	41.0	101.64107882736157	107	36.36363636363637	383750.0
3_E03_115_X1_54_rt3_i_10479813_22MM3HLT4_L3_R1_trimmed2	88.3148856571666	38.0	108.02147773835422	112	27.27272727272727	23775129.0
3_E03_115_X1_54_rt3_i_10479813_22MM3HLT4_L3_R2_trimmed2	37.85156473449142	39.0	114.54521588505366	127	27.27272727272727	23775129.0
3_E04_418_X5_36_rt2_i_10479813_22MM3HLT4_L3_R1_trimmed2	88.78975127597116	38.0	107.88328575338691	112	18.181818181818183	41898604.0
3_E04_418_X5_36_rt2_i_10479813_22MM3HLT4_L3_R2_trimmed2	31.878150145595015	38.0	113.93912947553098	127	18.181818181818183	41898604.0
3_E05_417_X1_54_rt1_o_10479813_22MM3HLT4_L3_R1_trimmed2	87.44423287029028	39.0	112.13810313998914	117	27.27272727272727	26036555.0
3_E05_417_X1_54_rt1_o_10479813_22MM3HLT4_L3_R2_trimmed2	29.51598717755185	39.0	117.69482736867454	127	27.27272727272727	26036555.0
3_E06_109_X11_68_rt2_o_10479813_22MM3HLT4_L3_R1_trimmed2	82.86799200361035	38.0	95.82399248093012	97	27.27272727272727	12894148.0
3_E06_109_X11_68_rt2_o_10479813_22MM3HLT4_L3_R2_trimmed2	26.232133355593405	40.0	108.01075689529856	112	27.27272727272727	12894148.0
3_E07_417_X1_54_rt3_o_10479813_22MM3HLT4_L3_R1_trimmed2	84.49360212604236	37.0	90.37278629429937	87	27.27272727272727	18359543.0
3_E07_417_X1_54_rt3_o_10479813_22MM3HLT4_L3_R2_trimmed2	38.105557531125044	38.0	101.73733534652796	102	18.181818181818183	18359543.0
3_E08_105_X5_66_rt1_o_10479813_22MM3HLT4_L3_R1_trimmed2	86.86302091214499	36.0	94.49523563854406	92	27.27272727272727	22403317.0
3_E08_105_X5_66_rt1_o_10479813_22MM3HLT4_L3_R2_trimmed2	42.918620735823524	37.0	104.46097481904131	107	27.27272727272727	22403317.0
3_E09_107_X4_32_rt3_i_10479813_22MM3HLT4_L3_R1_trimmed2	88.75829222977777	36.0	109.5335812118838	117	27.27272727272727	26643693.0
3_E09_107_X4_32_rt3_i_10479813_22MM3HLT4_L3_R2_trimmed2	33.10879619130418	37.0	114.87453953924481	127	18.181818181818183	26643693.0
3_E10_205_X1_54_rt1_i_10479813_22MM3HLT4_L3_R1_trimmed2	91.0942664592747	41.0	102.04349036665866	107	18.181818181818183	40842838.0
3_E10_205_X1_54_rt1_i_10479813_22MM3HLT4_L3_R2_trimmed2	36.59065156336835	41.0	110.55240047226884	122	9.090909090909092	40842838.0
3_E11_210_X11_68_rt3_i_10479813_22MM3HLT4_L3_R1_trimmed2	89.44182755681997	38.0	105.89324078224126	112	18.181818181818183	35523874.0
3_E11_210_X11_68_rt3_i_10479813_22MM3HLT4_L3_R2_trimmed2	32.99657856832698	38.0	113.0726211617573	122	18.181818181818183	35523874.0
3_E12_302_C17_rt2_i_10479813_22MM3HLT4_L3_R1_trimmed2	87.38805823482743	37.0	99.8960008553594	102	27.27272727272727	17676780.0
3_E12_302_C17_rt2_i_10479813_22MM3HLT4_L3_R2_trimmed2	31.134672743239506	38.0	109.86588241749911	117	18.181818181818183	17676780.0
3_F01_417_X1_54_rt1_i_10479813_22MM3HLT4_L3_R1_trimmed2	89.23077153985291	36.0	118.71400704754295	132	27.27272727272727	17883112.0
3_F01_417_X1_54_rt1_i_10479813_22MM3HLT4_L3_R2_trimmed2	36.38119031561033	36.0	120.1312342057691	132	18.181818181818183	17883112.0
3_F02_412_X11_68_rt2_o_10479813_22MM3HLT4_L3_R1_trimmed2	52.32966479118425	37.0	89.97434167260371	92	27.27272727272727	291952.0
3_F02_412_X11_68_rt2_o_10479813_22MM3HLT4_L3_R2_trimmed2	24.31135653814414	38.0	100.39463336438867	102	36.36363636363637	291952.0
3_F03_219_X2_24_rt1_i_10479813_22MM3HLT4_L3_R1_trimmed2	76.37572952813701	43.0	94.13877119503152	97	36.36363636363637	2712782.0
3_F03_219_X2_24_rt1_i_10479813_22MM3HLT4_L3_R2_trimmed2	41.70470614969424	43.0	104.03139028495471	107	27.27272727272727	2712782.0
3_F04_412_X11_68_rt1_i_10479813_22MM3HLT4_L3_R1_trimmed2	90.02907356376494	44.0	107.61057554931821	112	36.36363636363637	18373230.0
3_F04_412_X11_68_rt1_i_10479813_22MM3HLT4_L3_R2_trimmed2	50.26855502621809	44.0	114.54873443591573	122	36.36363636363637	18373230.0
3_F05_206_C17_rt2_i_10479813_22MM3HLT4_L3_R1_trimmed2	85.4793284685947	39.0	95.67497085936765	97	36.36363636363637	12206324.0
3_F05_206_C17_rt2_i_10479813_22MM3HLT4_L3_R2_trimmed2	41.10876343153556	39.0	105.64622698856756	112	27.27272727272727	12206324.0
3_F06_219_X2_24_rt3_o_10479813_22MM3HLT4_L3_R1_trimmed2	86.40293903661774	38.0	100.92952522105166	102	18.181818181818183	17306475.0
3_F06_219_X2_24_rt3_o_10479813_22MM3HLT4_L3_R2_trimmed2	31.9117663286779	39.0	110.46231754300052	117	18.181818181818183	17306475.0
3_F07_101_X2_24_rt1_o_10479813_22MM3HLT4_L3_R1_trimmed2	86.5952945932548	37.0	114.79987021731147	132	18.181818181818183	23211108.0
3_F07_101_X2_24_rt1_o_10479813_22MM3HLT4_L3_R2_trimmed2	30.829162735995084	37.0	115.83347817777592	132	18.181818181818183	23211108.0
3_F08_105_X5_66_rt2_i_10479813_22MM3HLT4_L3_R1_trimmed2	89.30219512203553	36.0	110.8781116388445	117	27.27272727272727	34326887.0
3_F08_105_X5_66_rt2_i_10479813_22MM3HLT4_L3_R2_trimmed2	26.769350136133426	37.0	117.09769237158034	132	18.181818181818183	34326887.0
3_F09_112_X4_67_rt1_i_10479813_22MM3HLT4_L3_R1_trimmed2	86.8553580322752	37.0	98.43796078227265	97	18.181818181818183	21134575.0
3_F09_112_X4_67_rt1_i_10479813_22MM3HLT4_L3_R2_trimmed2	46.97579454722742	38.0	106.54288837130626	112	27.27272727272727	21134575.0
3_F10_205_X1_54_rt1_o_10479813_22MM3HLT4_L3_R1_trimmed2	85.59804629736267	40.0	95.77884783284175	97	27.27272727272727	18955930.0
3_F10_205_X1_54_rt1_o_10479813_22MM3HLT4_L3_R2_trimmed2	37.45737875162788	40.0	105.5224344571857	112	18.181818181818183	18955930.0
3_F11_210_X11_68_rt3_o_10479813_22MM3HLT4_L3_R1_trimmed2	90.06528226112071	44.0	88.11748075261085	87	45.45454545454545	24934161.0
3_F11_210_X11_68_rt3_o_10479813_22MM3HLT4_L3_R2_trimmed2	56.286824399916306	44.0	99.58746881437078	102	36.36363636363637	24934161.0
3_F12_302_C17_rt2_o_10479813_22MM3HLT4_L3_R1_trimmed2	87.51238165745339	39.0	87.07112911253904	87	27.27272727272727	22314773.0
3_F12_302_C17_rt2_o_10479813_22MM3HLT4_L3_R2_trimmed2	48.78579669492701	40.0	98.60395662550545	102	18.181818181818183	22314773.0
3_G01_417_X1_54_rt3_i_10479813_22MM3HLT4_L3_R1_trimmed2	82.34916983207331	40.0	111.8534539695616	117	27.27272727272727	8166922.0
3_G01_417_X1_54_rt3_i_10479813_22MM3HLT4_L3_R2_trimmed2	34.1311859544885	40.0	117.48183330268122	127	27.27272727272727	8166922.0
3_G02_412_X11_68_rt3_i_10479813_22MM3HLT4_L3_R1_trimmed2	87.63385802629627	38.0	101.0893601298962	102	27.27272727272727	18339566.0
3_G02_412_X11_68_rt3_i_10479813_22MM3HLT4_L3_R2_trimmed2	35.04216977152953	39.0	110.88506260180857	117	27.27272727272727	18339566.0
3_G03_219_X2_24_rt3_i_10479813_22MM3HLT4_L3_R1_trimmed2	88.92858642767875	38.0	108.87927785914368	112	27.27272727272727	23003767.0
3_G03_219_X2_24_rt3_i_10479813_22MM3HLT4_L3_R2_trimmed2	36.63316253335536	39.0	116.41954137337594	127	27.27272727272727	23003767.0
3_G04_219_X2_24_rt2_i_10479813_22MM3HLT4_L3_R1_trimmed2	79.98381265714656	39.0	98.08244936930532	102	27.27272727272727	4962306.0
3_G04_219_X2_24_rt2_i_10479813_22MM3HLT4_L3_R2_trimmed2	28.443174554769968	40.0	109.74849717046872	117	27.27272727272727	4962306.0
3_G05_313_X1_54_rt1_o_10479813_22MM3HLT4_L3_R1_trimmed2	67.32584694194529	37.0	92.78174381339169	92	27.27272727272727	1620678.0
3_G05_313_X1_54_rt1_o_10479813_22MM3HLT4_L3_R2_trimmed2	24.877421843759365	38.0	104.25024958690129	107	27.27272727272727	1620678.0
3_G06_411_C17_rt3_o_10479813_22MM3HLT4_L3_R1_trimmed2	62.02548630153875	40.0	102.48655832703452	107	27.27272727272727	793800.0
3_G06_411_C17_rt3_o_10479813_22MM3HLT4_L3_R2_trimmed2	30.817186061477884	40.0	109.88583018392542	117	36.36363636363637	793800.0
3_G07_113_C17_rt3_o_10479813_22MM3HLT4_L3_R1_trimmed2	90.3013395047182	37.0	115.9762858178381	132	18.181818181818183	25593672.0
3_G07_113_C17_rt3_o_10479813_22MM3HLT4_L3_R2_trimmed2	25.48125137132739	37.0	117.71810238874671	132	18.181818181818183	25593672.0
3_G08_105_X5_66_rt3_i_10479813_22MM3HLT4_L3_R1_trimmed2	90.64025602832845	35.0	101.81702697791269	102	36.36363636363637	26997122.0
3_G08_105_X5_66_rt3_i_10479813_22MM3HLT4_L3_R2_trimmed2	41.795302235781136	36.0	110.52113803093529	117	18.181818181818183	26997122.0
3_G09_112_X4_67_rt2_i_10479813_22MM3HLT4_L3_R1_trimmed2	85.65528598634339	36.0	106.29876806244812	112	18.181818181818183	16439632.0
3_G09_112_X4_67_rt2_i_10479813_22MM3HLT4_L3_R2_trimmed2	36.43361276187086	37.0	113.24883367218925	122	27.27272727272727	16439632.0
3_G10_205_X1_54_rt2_o_10479813_22MM3HLT4_L3_R1_trimmed2	77.06422296505177	42.0	93.56321262608058	97	36.36363636363637	3295908.0
3_G10_205_X1_54_rt2_o_10479813_22MM3HLT4_L3_R2_trimmed2	42.93717299472463	42.0	102.6074007526909	107	36.36363636363637	3295908.0
3_G11_218_X8_415_rt1_i_10479813_22MM3HLT4_L3_R1_trimmed2	88.74562362585772	38.0	104.05486608695625	107	27.27272727272727	25539073.0
3_G11_218_X8_415_rt1_i_10479813_22MM3HLT4_L3_R2_trimmed2	39.782324081538704	38.0	112.08395081528606	122	18.181818181818183	25539073.0
3_G12_302_C17_rt3_i_10479813_22MM3HLT4_L3_R1_trimmed2	87.35119714677123	37.0	100.97027262857314	102	27.27272727272727	25450047.0
3_G12_302_C17_rt3_i_10479813_22MM3HLT4_L3_R2_trimmed2	28.035731249951652	38.0	109.22965934011832	117	18.181818181818183	25450047.0
3_H01_101_X2_24_rt3_o_10479813_22MM3HLT4_L3_R1_trimmed2	80.75008602518943	40.0	109.44252505049096	112	27.27272727272727	6667035.0
3_H01_101_X2_24_rt3_o_10479813_22MM3HLT4_L3_R2_trimmed2	41.15129325379128	41.0	114.32780973851195	122	27.27272727272727	6667035.0
3_H02_412_X11_68_rt3_o_10479813_22MM3HLT4_L3_R1_trimmed2	27.1556652024791	36.0	92.8384981045791	92	27.27272727272727	16619.0
3_H02_412_X11_68_rt3_o_10479813_22MM3HLT4_L3_R2_trimmed2	11.113785426319282	37.0	101.91864733136771	107	27.27272727272727	16619.0
3_H03_303_X11_68_rt1_i_10479813_22MM3HLT4_L3_R1_trimmed2	60.06190307392213	37.0	84.55501878690285	82	36.36363636363637	709803.0
3_H03_303_X11_68_rt1_i_10479813_22MM3HLT4_L3_R2_trimmed2	24.574548193207264	38.0	97.6078841594076	97	27.27272727272727	709803.0
3_H04_BLANK_10479813_22MM3HLT4_L3_R1_trimmed2	41.20619946091644	38.0	105.15644654088051	112	18.181818181818183	8904.0
3_H04_BLANK_10479813_22MM3HLT4_L3_R2_trimmed2	6.030997304582215	38.0	109.8989218328841	122	27.27272727272727	8904.0
3_H05_109_X11_68_rt1_o_10479813_22MM3HLT4_L3_R1_trimmed2	58.95299891515416	39.0	88.48880328554698	87	27.27272727272727	690783.0
3_H05_109_X11_68_rt1_o_10479813_22MM3HLT4_L3_R2_trimmed2	17.709813565643998	41.0	102.05329748994981	107	36.36363636363637	690783.0
3_H06_109_X11_68_rt1_i_10479813_22MM3HLT4_L3_R1_trimmed2	90.85305469839633	38.0	114.42656579446857	127	27.27272727272727	26748434.0
3_H06_109_X11_68_rt1_i_10479813_22MM3HLT4_L3_R2_trimmed2	27.027699075617093	38.0	118.01641180190212	132	18.181818181818183	26748434.0
3_H07_403_A20_rt1_i_10479813_22MM3HLT4_L3_R1_trimmed2	90.72017488881083	37.0	111.28051883361094	122	18.181818181818183	28330547.0
3_H07_403_A20_rt1_i_10479813_22MM3HLT4_L3_R2_trimmed2	40.674927102598666	37.0	113.90364548908993	127	18.181818181818183	28330547.0
3_H08_105_X5_66_rt3_o_10479813_22MM3HLT4_L3_R1_trimmed2	87.96309303702742	37.0	96.65500166291494	97	18.181818181818183	21233798.0
3_H08_105_X5_66_rt3_o_10479813_22MM3HLT4_L3_R2_trimmed2	26.610294802862782	38.0	109.42755648330082	117	18.181818181818183	21233798.0
3_H09_112_X4_67_rt3_i_10479813_22MM3HLT4_L3_R1_trimmed2	88.06928822344773	37.0	113.68335009082557	127	18.181818181818183	30557476.0
3_H09_112_X4_67_rt3_i_10479813_22MM3HLT4_L3_R2_trimmed2	22.50854657878716	38.0	118.45957123553005	132	18.181818181818183	30557476.0
3_H10_205_X1_54_rt3_o_10479813_22MM3HLT4_L3_R1_trimmed2	58.36280699981279	39.0	86.10593383774552	87	27.27272727272727	824458.0
3_H10_205_X1_54_rt3_o_10479813_22MM3HLT4_L3_R2_trimmed2	30.807677492313886	40.0	96.81285523337756	97	27.27272727272727	824458.0
3_H11_218_X8_415_rt2_i_10479813_22MM3HLT4_L3_R1_trimmed2	85.2947393701698	41.0	86.36168323895556	87	27.27272727272727	16687898.0
3_H11_218_X8_415_rt2_i_10479813_22MM3HLT4_L3_R2_trimmed2	35.13847053505566	41.0	101.05804020374525	107	18.181818181818183	16687898.0
3_H12_304_X5_31_rt1_i_10479813_22MM3HLT4_L3_R1_trimmed2	88.30122898147071	36.0	110.80826866064291	122	18.181818181818183	22335806.0
3_H12_304_X5_31_rt1_i_10479813_22MM3HLT4_L3_R2_trimmed2	23.162436510254523	37.0	113.79336913116097	127	18.181818181818183	22335806.0
4_A01_304_X5_31_rt1_o_10479813_22MM3HLT4_L3_R1_trimmed2	63.3354883794116	36.0	100.65763441534354	112	18.181818181818183	4785075.0
4_A01_304_X5_31_rt1_o_10479813_22MM3HLT4_L3_R2_trimmed2	24.186242028652927	37.0	104.39115248977289	117	27.27272727272727	4785075.0
4_A02_319_X8_37_rt2_i_10479813_22MM3HLT4_L3_R1_trimmed2	77.94173373292999	37.0	111.01680098845567	127	27.27272727272727	10442957.0
4_A02_319_X8_37_rt2_i_10479813_22MM3HLT4_L3_R2_trimmed2	28.5604556818419	37.0	112.07223519162245	127	18.181818181818183	10442957.0
4_A03_407_X2_24_rt3_o_10479813_22MM3HLT4_L3_R1_trimmed2	76.56306844493571	36.0	109.44559813675289	122	27.27272727272727	13092842.0
4_A03_407_X2_24_rt3_o_10479813_22MM3HLT4_L3_R2_trimmed2	26.646256415213415	36.0	112.09668076648293	127	18.181818181818183	13092842.0
4_A04_317_X4_42_rt1_o_10479813_22MM3HLT4_L3_R1_trimmed2	80.31367336915908	36.0	116.75621778970658	137	18.181818181818183	12556351.0
4_A04_317_X4_42_rt1_o_10479813_22MM3HLT4_L3_R2_trimmed2	34.518837743496164	36.0	115.57108685477174	132	18.181818181818183	12556351.0
4_A05_220_X10_39_rt1_o_10479813_22MM3HLT4_L3_R1_trimmed2	74.18887700817976	37.0	121.85559519107582	137	18.181818181818183	9578109.0
4_A05_220_X10_39_rt1_o_10479813_22MM3HLT4_L3_R2_trimmed2	20.899277224116943	36.0	118.32012435857642	132	18.181818181818183	9578109.0
4_A06_407_X2_24_rt1_o_10479813_22MM3HLT4_L3_R1_trimmed2	77.39153683220755	37.0	116.54934043329305	137	18.181818181818183	15971546.0
4_A06_407_X2_24_rt1_o_10479813_22MM3HLT4_L3_R2_trimmed2	24.25453128065807	36.0	115.42283671223812	132	18.181818181818183	15971546.0
4_A07_418_X5_36_rt1_o_10479813_22MM3HLT4_L3_R1_trimmed2	78.15768354948105	37.0	116.54355956952189	137	18.181818181818183	13649010.0
4_A07_418_X5_36_rt1_o_10479813_22MM3HLT4_L3_R2_trimmed2	30.649652006147335	36.0	114.32010490138113	132	18.181818181818183	13649010.0
4_A08_218_X8_415_rt3_i_10479813_22MM3HLT4_L3_R1_trimmed2	80.32232412223334	37.0	119.24917911768391	137	18.181818181818183	15483340.0
4_A08_218_X8_415_rt3_i_10479813_22MM3HLT4_L3_R2_trimmed2	21.86133149337502	37.0	117.86719125201668	132	18.181818181818183	15483340.0
4_A09_313_X1_54_rt3_i_10479813_22MM3HLT4_L3_R1_trimmed2	83.6824720108101	38.0	113.63585860021296	132	18.181818181818183	26564255.0
4_A09_313_X1_54_rt3_i_10479813_22MM3HLT4_L3_R2_trimmed2	39.44487395651998	37.0	112.4622999214546	127	18.181818181818183	26564255.0
4_A10_101_X2_24_rt3_i_10479813_22MM3HLT4_L3_R1_trimmed2	82.26188813480496	37.0	118.48864381550075	137	18.181818181818183	26268594.0
4_A10_101_X2_24_rt3_i_10479813_22MM3HLT4_L3_R2_trimmed2	21.754317463371095	36.0	118.15037534936205	132	18.181818181818183	26268594.0
4_A11_303_X11_68_rt3_i_10479813_22MM3HLT4_L3_R1_trimmed2	81.28069834890023	36.0	114.6046768836153	137	27.27272727272727	18061557.0
4_A11_303_X11_68_rt3_i_10479813_22MM3HLT4_L3_R2_trimmed2	21.49965309377751	37.0	115.12424493635848	132	18.181818181818183	18061557.0
4_A12_403_A20_rt2_o_10479813_22MM3HLT4_L3_R1_trimmed2	79.82234856765193	37.0	115.75381957071538	137	18.181818181818183	21759317.0
4_A12_403_A20_rt2_o_10479813_22MM3HLT4_L3_R2_trimmed2	23.690167789878345	36.0	114.04483261124419	132	18.181818181818183	21759317.0
4_B01_304_X5_31_rt3_o_10479813_22MM3HLT4_L3_R1_trimmed2	79.97310599968871	37.0	119.10006447783569	137	18.181818181818183	14600366.0
4_B01_304_X5_31_rt3_o_10479813_22MM3HLT4_L3_R2_trimmed2	21.047688107643395	37.0	120.53354395362418	132	18.181818181818183	14600366.0
4_B02_319_X8_37_rt2_o_10479813_22MM3HLT4_L3_R1_trimmed2	83.1773669146523	37.0	119.86677927026439	137	18.181818181818183	18225587.0
4_B02_319_X8_37_rt2_o_10479813_22MM3HLT4_L3_R2_trimmed2	27.866449786330506	37.0	119.75644169924404	132	18.181818181818183	18225587.0
4_B03_409_X2_45_rt1_i_10479813_22MM3HLT4_L3_R1_trimmed2	73.94763096295175	42.0	104.2532840224144	112	36.36363636363637	2075808.0
4_B03_409_X2_45_rt1_i_10479813_22MM3HLT4_L3_R2_trimmed2	36.58372788959019	42.0	112.04086842328385	122	27.27272727272727	2075808.0
4_B04_319_X8_37_rt3_i_10479813_22MM3HLT4_L3_R1_trimmed2	89.06302441771744	38.0	120.65059253916468	137	18.181818181818183	23118725.0
4_B04_319_X8_37_rt3_i_10479813_22MM3HLT4_L3_R2_trimmed2	26.049567673579304	39.0	124.21621412945566	137	18.181818181818183	23118725.0
4_B05_418_X5_36_rt1_i_10479813_22MM3HLT4_L3_R1_trimmed2	83.05906430767483	37.0	125.97440716856478	137	18.181818181818183	16392012.0
4_B05_418_X5_36_rt1_i_10479813_22MM3HLT4_L3_R2_trimmed2	18.560757504698202	37.0	125.06513721439443	137	18.181818181818183	16392012.0
4_B06_207_A04_rt2_o_10479813_22MM3HLT4_L3_R1_trimmed2	85.52086228740163	37.0	120.3913081980902	137	18.181818181818183	25881906.0
4_B06_207_A04_rt2_o_10479813_22MM3HLT4_L3_R2_trimmed2	30.732043630194852	37.0	121.01613459225143	132	18.181818181818183	25881906.0
4_B07_403_A20_rt3_o_10479813_22MM3HLT4_L3_R1_trimmed2	87.42517032581499	38.0	130.2471046499214	137	18.181818181818183	24681385.0
4_B07_403_A20_rt3_o_10479813_22MM3HLT4_L3_R2_trimmed2	23.79179658899831	36.0	121.3670652193951	132	18.181818181818183	24681385.0
4_B08_220_X10_39_rt2_o_10479813_22MM3HLT4_L3_R1_trimmed2	85.14260028898713	37.0	125.6809030871444	137	18.181818181818183	24469798.0
4_B08_220_X10_39_rt2_o_10479813_22MM3HLT4_L3_R2_trimmed2	30.862087523587547	37.0	122.73419989000318	132	18.181818181818183	24469798.0
4_B09_205_X1_54_rt2_i_10479813_22MM3HLT4_L3_R1_trimmed2	86.80744145525108	37.0	119.72391101392388	132	18.181818181818183	21262967.0
4_B09_205_X1_54_rt2_i_10479813_22MM3HLT4_L3_R2_trimmed2	37.7381049464558	38.0	120.48055631182609	132	18.181818181818183	21262967.0
4_B10_207_A04_rt1_i_10479813_22MM3HLT4_L3_R1_trimmed2	90.03984863541008	37.0	114.86021861543557	127	18.181818181818183	99627.0
4_B10_207_A04_rt1_i_10479813_22MM3HLT4_L3_R2_trimmed2	17.754223252732686	36.0	117.06364740481997	132	27.27272727272727	99627.0
4_B11_101_X2_24_rt2_i_10479813_22MM3HLT4_L3_R1_trimmed2	80.97563407882141	37.0	126.15211342380356	137	18.181818181818183	15351275.0
4_B11_101_X2_24_rt2_i_10479813_22MM3HLT4_L3_R2_trimmed2	26.27120848249986	36.0	122.02707312584785	132	18.181818181818183	15351275.0
4_B12_307_A03_rt3_o_10479813_22MM3HLT4_L3_R1_trimmed2	84.89238643488639	37.0	122.78071953227827	137	18.181818181818183	22139660.0
4_B12_307_A03_rt3_o_10479813_22MM3HLT4_L3_R2_trimmed2	26.92649862338577	37.0	122.8821302585496	132	18.181818181818183	22139660.0
4_C01_307_A03_rt2_i_10479813_22MM3HLT4_L3_R1_trimmed2	73.01326541779129	37.0	120.47686378961006	137	18.181818181818183	6886413.0
4_C01_307_A03_rt2_i_10479813_22MM3HLT4_L3_R2_trimmed2	21.173491996488025	37.0	119.94290351159594	132	18.181818181818183	6886413.0
4_C02_319_X8_37_rt3_o_10479813_22MM3HLT4_L3_R1_trimmed2	79.81175362730971	39.0	124.6429940817995	137	18.181818181818183	7675475.0
4_C02_319_X8_37_rt3_o_10479813_22MM3HLT4_L3_R2_trimmed2	22.696429545153237	38.0	121.67352704555744	132	18.181818181818183	7675475.0
4_C03_409_X2_45_rt2_i_10479813_22MM3HLT4_L3_R1_trimmed2	84.11399630770653	38.0	122.3323169366682	137	18.181818181818183	16818237.0
4_C03_409_X2_45_rt2_i_10479813_22MM3HLT4_L3_R2_trimmed2	26.73102105852999	38.0	121.92988563545632	132	18.181818181818183	16818237.0
4_C04_106_X4_46_rt1_o_10479813_22MM3HLT4_L3_R1_trimmed2	80.64301711490535	38.0	113.06165402173019	122	27.27272727272727	7557966.0
4_C04_106_X4_46_rt1_o_10479813_22MM3HLT4_L3_R2_trimmed2	32.61577124102702	38.0	117.50935635328341	132	18.181818181818183	7557966.0
4_C05_118_C14_rt1_i_10479813_22MM3HLT4_L3_R1_trimmed2	83.11866775699929	38.0	126.43205684524092	137	18.181818181818183	13176125.0
4_C05_118_C14_rt1_i_10479813_22MM3HLT4_L3_R2_trimmed2	32.53919773267913	37.0	122.50943414698935	132	18.181818181818183	13176125.0
4_C06_409_X2_45_rt1_o_10479813_22MM3HLT4_L3_R1_trimmed2	84.787811732134	38.0	124.60712616321264	137	18.181818181818183	17459297.0
4_C06_409_X2_45_rt1_o_10479813_22MM3HLT4_L3_R2_trimmed2	24.742996144534985	37.0	122.88891912429234	132	18.181818181818183	17459297.0
4_C07_307_A03_rt2_o_10479813_22MM3HLT4_L3_R1_trimmed2	84.63371697820018	38.0	114.98624236091692	127	27.27272727272727	17422248.0
4_C07_307_A03_rt2_o_10479813_22MM3HLT4_L3_R2_trimmed2	30.694961915224795	38.0	118.63155724795101	132	18.181818181818183	17422248.0
4_C08_218_X8_415_rt2_o_10479813_22MM3HLT4_L3_R1_trimmed2	85.91258875105461	38.0	113.38146435242676	122	27.27272727272727	15479006.0
4_C08_218_X8_415_rt2_o_10479813_22MM3HLT4_L3_R2_trimmed2	35.13662180787354	39.0	118.23184977123208	132	27.27272727272727	15479006.0
4_C09_115_X1_54_rt3_o_10479813_22MM3HLT4_L3_R1_trimmed2	76.19003160807985	38.0	106.26972719151249	112	27.27272727272727	4596118.0
4_C09_115_X1_54_rt3_o_10479813_22MM3HLT4_L3_R2_trimmed2	31.577509445925315	39.0	113.3872609449975	122	27.27272727272727	4596118.0
4_C10_210_X11_68_rt1_o_10479813_22MM3HLT4_L3_R1_trimmed2	67.78353512081588	38.0	114.01366786048794	127	36.36363636363637	933138.0
4_C10_210_X11_68_rt1_o_10479813_22MM3HLT4_L3_R2_trimmed2	24.56204680842157	38.0	117.4017197884986	132	27.27272727272727	933138.0
4_C11_101_X2_24_rt2_o_10479813_22MM3HLT4_L3_R1_trimmed2	85.50163983746344	37.0	122.31671369564431	137	18.181818181818183	21959865.0
4_C11_101_X2_24_rt2_o_10479813_22MM3HLT4_L3_R2_trimmed2	18.978716180723666	37.0	123.98431606933832	137	18.181818181818183	21959865.0
4_C12_101_X2_24_rt1_i_10479813_22MM3HLT4_L3_R1_trimmed2	82.54679136432978	37.0	128.22098817596464	137	18.181818181818183	17537160.0
4_C12_101_X2_24_rt1_i_10479813_22MM3HLT4_L3_R2_trimmed2	16.261042381616775	36.0	122.8429830713753	137	18.181818181818183	17537160.0
4_D01_307_A03_rt3_i_10479813_22MM3HLT4_L3_R1_trimmed2	74.72868981887072	38.0	121.82032567173013	137	18.181818181818183	7727843.0
4_D01_307_A03_rt3_i_10479813_22MM3HLT4_L3_R2_trimmed2	15.389355590283358	38.0	123.10539085744884	137	18.181818181818183	7727843.0
4_D02_402_X11_57_rt2_i_10479813_22MM3HLT4_L3_R1_trimmed2	84.1359525422905	38.0	122.46867901748939	137	18.181818181818183	12271949.0
4_D02_402_X11_57_rt2_i_10479813_22MM3HLT4_L3_R2_trimmed2	26.97001980759927	37.0	120.89428720735394	132	18.181818181818183	12271949.0
4_D03_409_X2_45_rt3_i_10479813_22MM3HLT4_L3_R1_trimmed2	55.62272271237228	34.0	93.71984725413417	92	27.27272727272727	339911.0
4_D03_409_X2_45_rt3_i_10479813_22MM3HLT4_L3_R2_trimmed2	19.070044407235358	35.0	105.2172215668219	112	27.27272727272727	339911.0
4_D04_220_X10_39_rt3_i_10479813_22MM3HLT4_L3_R1_trimmed2	86.11435854559201	40.0	113.84465477080359	122	27.27272727272727	15109006.0
4_D04_220_X10_39_rt3_i_10479813_22MM3HLT4_L3_R2_trimmed2	46.15195181894182	40.0	117.60073879115542	132	27.27272727272727	15109006.0
4_D05_207_A04_rt3_o_10479813_22MM3HLT4_L3_R1_trimmed2	86.43247013767714	39.0	119.77488372093023	137	27.27272727272727	17216125.0
4_D05_207_A04_rt3_o_10479813_22MM3HLT4_L3_R2_trimmed2	25.01433282613445	40.0	124.16521092870782	132	27.27272727272727	17216125.0
4_D06_403_A20_rt3_i_10479813_22MM3HLT4_L3_R1_trimmed2	88.84803961614216	37.0	124.78070456143033	137	18.181818181818183	29096597.0
4_D06_403_A20_rt3_i_10479813_22MM3HLT4_L3_R2_trimmed2	29.139090349331326	37.0	124.14482319014832	132	18.181818181818183	29096597.0
4_D07_220_X10_39_rt3_o_10479813_22MM3HLT4_L3_R1_trimmed2	83.32359898993434	37.0	111.83840242827631	122	18.181818181818183	14578901.0
4_D07_220_X10_39_rt3_o_10479813_22MM3HLT4_L3_R2_trimmed2	31.7931077817192	37.0	116.94761621606457	132	18.181818181818183	14578901.0
4_D08_106_X4_46_rt2_o_10479813_22MM3HLT4_L3_R1_trimmed2	84.52154508636336	38.0	115.95033330959075	127	18.181818181818183	14853758.0
4_D08_106_X4_46_rt2_o_10479813_22MM3HLT4_L3_R2_trimmed2	33.665021922457825	38.0	118.79545883270752	132	18.181818181818183	14853758.0
4_D09_417_X1_54_rt2_o_10479813_22MM3HLT4_L3_R1_trimmed2	91.53928873185345	52.0	42.539403948075886	37	45.45454545454545	26038.0
4_D09_417_X1_54_rt2_o_10479813_22MM3HLT4_L3_R2_trimmed2	54.76611106843844	51.0	60.09747292418773	62	54.54545454545454	26038.0
4_D10_307_A03_rt1_i_10479813_22MM3HLT4_L3_R1_trimmed2	84.8958120398967	37.0	125.60951092724926	137	18.181818181818183	17891694.0
4_D10_307_A03_rt1_i_10479813_22MM3HLT4_L3_R2_trimmed2	28.440450806997276	36.0	122.98713866892649	132	18.181818181818183	17891694.0
4_D11_303_X11_68_rt1_o_10479813_22MM3HLT4_L3_R1_trimmed2	86.02506987436453	37.0	125.77174480151201	137	18.181818181818183	20935751.0
4_D11_303_X11_68_rt1_o_10479813_22MM3HLT4_L3_R2_trimmed2	28.055664571652457	36.0	122.84068472155596	132	18.181818181818183	20935751.0
4_D12_302_C17_rt3_o_10479813_22MM3HLT4_L3_R1_trimmed2	87.23773609896281	37.0	126.21384490281173	137	18.181818181818183	27636207.0
4_D12_302_C17_rt3_o_10479813_22MM3HLT4_L3_R2_trimmed2	17.755378713449318	37.0	125.23692046451961	137	18.181818181818183	27636207.0
4_E01_317_X4_42_rt1_i_10479813_22MM3HLT4_L3_R1_trimmed2	72.03345022170924	39.0	109.87053760937519	117	18.181818181818183	3161366.0
4_E01_317_X4_42_rt1_i_10479813_22MM3HLT4_L3_R2_trimmed2	28.527279216004672	39.0	114.92112681669886	127	18.181818181818183	3161366.0
4_E02_403_A20_rt2_i_10479813_22MM3HLT4_L3_R1_trimmed2	27.10077430783737	38.0	94.57221634903854	97	18.181818181818183	34999.0
4_E02_403_A20_rt2_i_10479813_22MM3HLT4_L3_R2_trimmed2	7.6745049858567285	39.0	104.9046829909426	112	27.27272727272727	34999.0
4_E03_409_X2_45_rt3_o_10479813_22MM3HLT4_L3_R1_trimmed2	77.7391297495767	40.0	112.56383271649854	122	27.27272727272727	4775725.0
4_E03_409_X2_45_rt3_o_10479813_22MM3HLT4_L3_R2_trimmed2	40.654769062389704	40.0	116.26883122457846	127	27.27272727272727	4775725.0
4_E04_307_A03_rt1_o_10479813_22MM3HLT4_L3_R1_trimmed2	88.18953588782358	36.0	88.1286175428321	87	36.36363636363637	18111534.0
4_E04_307_A03_rt1_o_10479813_22MM3HLT4_L3_R2_trimmed2	29.508513334153122	38.0	103.12683309983572	107	27.27272727272727	18111534.0
4_E05_107_X4_32_rt1_i_10479813_22MM3HLT4_L3_R1_trimmed2	88.3587207454995	37.0	122.99889330534126	137	18.181818181818183	19432641.0
4_E05_107_X4_32_rt1_i_10479813_22MM3HLT4_L3_R2_trimmed2	29.45320754346716	37.0	123.25480772273825	132	18.181818181818183	19432641.0
4_E06_218_X8_415_rt1_o_10479813_22MM3HLT4_L3_R1_trimmed2	86.22494287460509	39.0	128.441252275707	137	18.181818181818183	24518754.0
4_E06_218_X8_415_rt1_o_10479813_22MM3HLT4_L3_R2_trimmed2	17.4375000623928	38.0	125.7645201709679	142	18.181818181818183	24518754.0
4_E07_402_X11_57_rt1_o_10479813_22MM3HLT4_L3_R1_trimmed2	85.78306881727141	37.0	124.00779794391713	137	18.181818181818183	18857022.0
4_E07_402_X11_57_rt1_o_10479813_22MM3HLT4_L3_R2_trimmed2	40.86139316177064	37.0	121.17582224807289	132	9.090909090909092	18857022.0
4_E08_402_X11_57_rt2_o_10479813_22MM3HLT4_L3_R1_trimmed2	84.8634399495721	35.0	96.39134352738539	97	36.36363636363637	11198164.0
4_E08_402_X11_57_rt2_o_10479813_22MM3HLT4_L3_R2_trimmed2	24.235749089929655	37.0	109.2215933790575	117	27.27272727272727	11198164.0
4_E09_411_C17_rt3_i_10479813_22MM3HLT4_L3_R1_trimmed2	87.5408665514555	38.0	127.17310561888303	137	18.181818181818183	16538198.0
4_E09_411_C17_rt3_i_10479813_22MM3HLT4_L3_R2_trimmed2	29.26530342426375	38.0	125.68285631844533	132	18.181818181818183	16538198.0
4_E10_411_C17_rt2_o_10479813_22MM3HLT4_L3_R1_trimmed2	83.39810482641984	39.0	129.2010676920737	137	18.181818181818183	16555897.0
4_E10_411_C17_rt2_o_10479813_22MM3HLT4_L3_R2_trimmed2	19.954777119969208	37.0	124.53603939430162	137	18.181818181818183	16555897.0
4_E11_106_X4_46_rt1_i_10479813_22MM3HLT4_L3_R1_trimmed2	80.41397653232193	39.0	129.92696930328714	137	18.181818181818183	13575004.0
4_E11_106_X4_46_rt1_i_10479813_22MM3HLT4_L3_R2_trimmed2	22.18181458052956	36.0	122.89201130253811	132	18.181818181818183	13575004.0
4_E12_403_A20_rt1_o_10479813_22MM3HLT4_L3_R1_trimmed2	84.06828393283314	37.0	123.90635956360511	137	18.181818181818183	21599611.0
4_E12_403_A20_rt1_o_10479813_22MM3HLT4_L3_R2_trimmed2	30.4421992083075	36.0	120.1601791810047	132	18.181818181818183	21599611.0
4_F01_317_X4_42_rt3_o_10479813_22MM3HLT4_L3_R1_trimmed2	75.31546266633954	38.0	116.86905699745121	132	18.181818181818183	7053947.0
4_F01_317_X4_42_rt3_o_10479813_22MM3HLT4_L3_R2_trimmed2	28.969124353680556	37.0	117.7182989892042	132	18.181818181818183	7053947.0
4_F02_407_X2_24_rt1_i_10479813_22MM3HLT4_L3_R1_trimmed2	80.78430758370126	37.0	117.58635718332222	132	18.181818181818183	13120663.0
4_F02_407_X2_24_rt1_i_10479813_22MM3HLT4_L3_R2_trimmed2	16.826060890716604	38.0	121.85371021266228	132	18.181818181818183	13120663.0
4_F03_418_X5_36_rt3_i_10479813_22MM3HLT4_L3_R1_trimmed2	83.58624649124256	38.0	112.97147019353987	122	27.27272727272727	11636672.0
4_F03_418_X5_36_rt3_i_10479813_22MM3HLT4_L3_R2_trimmed2	24.89847594814151	39.0	119.83049174196884	132	27.27272727272727	11636672.0
4_F04_112_X4_67_rt2_o_10479813_22MM3HLT4_L3_R1_trimmed2	83.47566186411007	41.0	116.24260253309954	127	27.27272727272727	8225417.0
4_F04_112_X4_67_rt2_o_10479813_22MM3HLT4_L3_R2_trimmed2	34.81521156512525	41.0	121.22846428333055	132	27.27272727272727	8225417.0
4_F05_107_X4_32_rt1_o_10479813_22MM3HLT4_L3_R1_trimmed2	87.98204602346587	38.0	117.31348000826534	132	27.27272727272727	22179341.0
4_F05_107_X4_32_rt1_o_10479813_22MM3HLT4_L3_R2_trimmed2	40.20819230653249	38.0	119.30901666555377	132	18.181818181818183	22179341.0
4_F06_207_A04_rt1_o_10479813_22MM3HLT4_L3_R1_trimmed2	87.19489973466374	38.0	119.57996487662645	137	18.181818181818183	22026358.0
4_F06_207_A04_rt1_o_10479813_22MM3HLT4_L3_R2_trimmed2	37.442386771817496	38.0	120.5002428000126	132	18.181818181818183	22026358.0
4_F07_107_X4_32_rt3_o_10479813_22MM3HLT4_L3_R1_trimmed2	83.62265733692172	37.0	119.60896035609677	137	18.181818181818183	16959884.0
4_F07_107_X4_32_rt3_o_10479813_22MM3HLT4_L3_R2_trimmed2	30.11122838291564	37.0	119.8109253577442	132	18.181818181818183	16959884.0
4_F08_303_X11_68_rt2_o_10479813_22MM3HLT4_L3_R1_trimmed2	56.128805826094585	38.0	106.41478685806536	112	36.36363636363637	229190.0
4_F08_303_X11_68_rt2_o_10479813_22MM3HLT4_L3_R2_trimmed2	20.107813551502375	39.0	113.74173393254505	127	36.36363636363637	229190.0
4_F09_412_X11_68_rt2_i_10479813_22MM3HLT4_L3_R1_trimmed2	89.8679714923399	38.0	126.39797236466121	137	18.181818181818183	33926416.0
4_F09_412_X11_68_rt2_i_10479813_22MM3HLT4_L3_R2_trimmed2	32.70434921049346	37.0	120.74573199833428	132	18.181818181818183	33926416.0
4_F10_402_X11_57_rt3_o_10479813_22MM3HLT4_L3_R1_trimmed2	83.74858689449606	38.0	117.56895026138635	132	18.181818181818183	10650518.0
4_F10_402_X11_57_rt3_o_10479813_22MM3HLT4_L3_R2_trimmed2	29.142255730008742	38.0	120.09193881461916	132	18.181818181818183	10650518.0
4_F11_320_X2_24_rt3_i_10479813_22MM3HLT4_L3_R1_trimmed2	88.33823853137262	37.0	122.22849137908625	137	18.181818181818183	23658223.0
4_F11_320_X2_24_rt3_i_10479813_22MM3HLT4_L3_R2_trimmed2	29.148241743205887	37.0	123.28638072267726	132	18.181818181818183	23658223.0
4_F12_409_X2_45_rt2_o_10479813_22MM3HLT4_L3_R1_trimmed2	83.6838733380119	37.0	119.95096928456847	137	18.181818181818183	17709144.0
4_F12_409_X2_45_rt2_o_10479813_22MM3HLT4_L3_R2_trimmed2	22.258881609550457	37.0	121.74265565856825	132	18.181818181818183	17709144.0
4_G01_319_X8_37_rt1_i_10479813_22MM3HLT4_L3_R1_trimmed2	89.37547304455488	37.0	104.11753945580443	107	36.36363636363637	17895846.0
4_G01_319_X8_37_rt1_i_10479813_22MM3HLT4_L3_R2_trimmed2	39.52805717903628	38.0	112.19347277574919	122	18.181818181818183	17895846.0
4_G02_407_X2_24_rt2_i_10479813_22MM3HLT4_L3_R1_trimmed2	80.6369180669301	38.0	125.0298695670823	137	18.181818181818183	14034954.0
4_G02_407_X2_24_rt2_i_10479813_22MM3HLT4_L3_R2_trimmed2	18.963725826280864	37.0	122.53021456286925	132	18.181818181818183	14034954.0
4_G03_418_X5_36_rt3_o_10479813_22MM3HLT4_L3_R1_trimmed2	57.59760221633292	39.0	106.1109185441941	112	27.27272727272727	504875.0
4_G03_418_X5_36_rt3_o_10479813_22MM3HLT4_L3_R2_trimmed2	23.205864646031316	39.0	112.6876692250557	122	36.36363636363637	504875.0
4_G04_304_X5_31_rt2_o_10479813_22MM3HLT4_L3_R1_trimmed2	77.01476411894382	40.0	109.28761388135811	117	27.27272727272727	4135993.0
4_G04_304_X5_31_rt2_o_10479813_22MM3HLT4_L3_R2_trimmed2	34.1205662704708	40.0	115.42271348138162	127	27.27272727272727	4135993.0
4_G05_105_X5_66_rt2_o_10479813_22MM3HLT4_L3_R1_trimmed2	86.432882434026	38.0	122.77200544371456	137	27.27272727272727	18021518.0
4_G05_105_X5_66_rt2_o_10479813_22MM3HLT4_L3_R2_trimmed2	30.803482437503703	38.0	123.53997959550355	132	18.181818181818183	18021518.0
4_G06_112_X4_67_rt1_o_10479813_22MM3HLT4_L3_R1_trimmed2	89.44077308784033	35.0	125.17214360129604	137	18.181818181818183	22046152.0
4_G06_112_X4_67_rt1_o_10479813_22MM3HLT4_L3_R2_trimmed2	27.30675819259214	35.0	122.08174855185612	132	18.181818181818183	22046152.0
4_G07_418_X5_36_rt2_o_10479813_22MM3HLT4_L3_R1_trimmed2	83.23383679194167	39.0	112.21470635249968	122	27.27272727272727	11054121.0
4_G07_418_X5_36_rt2_o_10479813_22MM3HLT4_L3_R2_trimmed2	34.93980920561248	40.0	117.12321884299982	127	27.27272727272727	11054121.0
4_G08_205_X1_54_rt3_i_10479813_22MM3HLT4_L3_R1_trimmed2	86.49884841414736	37.0	117.62221684523874	132	18.181818181818183	17452991.0
4_G08_205_X1_54_rt3_i_10479813_22MM3HLT4_L3_R2_trimmed2	30.212733954107748	38.0	120.5423362104524	132	18.181818181818183	17452991.0
4_G09_BLANK_10479813_22MM3HLT4_L3_R1_trimmed2	43.632926192193835	38.0	124.34296873056543	137	9.090909090909092	40199.0
4_G09_BLANK_10479813_22MM3HLT4_L3_R2_trimmed2	5.830990820667182	36.0	121.78492002288614	132	27.27272727272727	40199.0
4_G10_417_X1_54_rt2_i_10479813_22MM3HLT4_L3_R1_trimmed2	87.065203052741	37.0	124.99962123932062	137	18.181818181818183	21947896.0
4_G10_417_X1_54_rt2_i_10479813_22MM3HLT4_L3_R2_trimmed2	33.2665037890675	36.0	121.29832927948993	132	18.181818181818183	21947896.0
4_G11_320_X2_24_rt2_o_10479813_22MM3HLT4_L3_R1_trimmed2	86.6017011771635	37.0	123.85808298306418	137	18.181818181818183	20341500.0
4_G11_320_X2_24_rt2_o_10479813_22MM3HLT4_L3_R2_trimmed2	29.863847709434594	37.0	122.85474488115429	132	18.181818181818183	20341500.0
4_G12_407_X2_24_rt3_i_10479813_22MM3HLT4_L3_R1_trimmed2	83.97041901540621	38.0	126.66965029640866	137	18.181818181818183	16953958.0
4_G12_407_X2_24_rt3_i_10479813_22MM3HLT4_L3_R2_trimmed2	25.650814331984975	37.0	119.52288686806939	132	18.181818181818183	16953958.0
4_H01_319_X8_37_rt1_o_10479813_22MM3HLT4_L3_R1_trimmed2	73.2356726278547	39.0	112.1561594480186	122	27.27272727272727	3514901.0
4_H01_319_X8_37_rt1_o_10479813_22MM3HLT4_L3_R2_trimmed2	31.517567749073876	39.0	112.7305636773269	127	18.181818181818183	3514901.0
4_H02_407_X2_24_rt2_o_10479813_22MM3HLT4_L3_R1_trimmed2	80.58460008005548	36.0	110.96847106172879	122	18.181818181818183	14335497.0
4_H02_407_X2_24_rt2_o_10479813_22MM3HLT4_L3_R2_trimmed2	39.30227257268534	37.0	113.74675666982456	127	18.181818181818183	14335497.0
4_H03_402_X11_57_rt3_i_10479813_22MM3HLT4_L3_R1_trimmed2	79.22089522815955	40.0	97.81440710373089	97	27.27272727272727	4087317.0
4_H03_402_X11_57_rt3_i_10479813_22MM3HLT4_L3_R2_trimmed2	44.81180826046695	40.0	106.34094345997632	112	27.27272727272727	4087317.0
4_H04_317_X4_42_rt2_o_10479813_22MM3HLT4_L3_R1_trimmed2	90.78486045453387	36.0	117.98578951546608	127	27.27272727272727	19222638.0
4_H04_317_X4_42_rt2_o_10479813_22MM3HLT4_L3_R2_trimmed2	34.868040826790065	37.0	121.06898454832266	132	18.181818181818183	19222638.0
4_H05_118_C14_rt1_o_10479813_22MM3HLT4_L3_R1_trimmed2	86.97329554690901	38.0	123.57444524978702	137	18.181818181818183	23615899.0
4_H05_118_C14_rt1_o_10479813_22MM3HLT4_L3_R2_trimmed2	27.836669328991732	38.0	123.40634404813468	132	18.181818181818183	23615899.0
4_H06_402_X11_57_rt1_i_10479813_22MM3HLT4_L3_R1_trimmed2	84.30637643279809	37.0	120.67629764490586	137	18.181818181818183	12137604.0
4_H06_402_X11_57_rt1_i_10479813_22MM3HLT4_L3_R2_trimmed2	24.752885917838	38.0	122.0867050861109	132	18.181818181818183	12137604.0
4_H07_118_C14_rt2_o_10479813_22MM3HLT4_L3_R1_trimmed2	85.73310456780355	38.0	128.20795503001673	137	18.181818181818183	20871700.0
4_H07_118_C14_rt2_o_10479813_22MM3HLT4_L3_R2_trimmed2	23.31152263335146	37.0	123.96651307751645	137	18.181818181818183	20871700.0
4_H08_304_X5_31_rt3_i_10479813_22MM3HLT4_L3_R1_trimmed2	85.03371460047283	38.0	110.51322487557056	117	27.27272727272727	13760810.0
4_H08_304_X5_31_rt3_i_10479813_22MM3HLT4_L3_R2_trimmed2	36.002302006298926	39.0	116.23160489825817	127	27.27272727272727	13760810.0
4_H09_210_X11_68_rt1_i_10479813_22MM3HLT4_L3_R1_trimmed2	88.35454514856626	37.0	121.17088402269869	137	18.181818181818183	23953989.0
4_H09_210_X11_68_rt1_i_10479813_22MM3HLT4_L3_R2_trimmed2	30.77502662336164	37.0	120.82735192873304	132	18.181818181818183	23953989.0
4_H10_411_C17_rt1_i_10479813_22MM3HLT4_L3_R1_trimmed2	87.64569205963373	38.0	126.88763406808619	137	18.181818181818183	19535503.0
4_H10_411_C17_rt1_i_10479813_22MM3HLT4_L3_R2_trimmed2	26.68183845290379	37.0	122.87647991454328	132	18.181818181818183	19535503.0
4_H11_206_C17_rt1_o_10479813_22MM3HLT4_L3_R1_trimmed2	84.45621969282642	36.0	112.52130626063176	122	27.27272727272727	10906583.0
4_H11_206_C17_rt1_o_10479813_22MM3HLT4_L3_R2_trimmed2	36.350274339465514	36.0	116.30971689299939	132	18.181818181818183	10906583.0
4_H12_317_X4_42_rt2_i_10479813_22MM3HLT4_L3_R1_trimmed2	82.64435802588059	39.0	128.9772503866103	137	18.181818181818183	14744822.0
4_H12_317_X4_42_rt2_i_10479813_22MM3HLT4_L3_R2_trimmed2	22.888334556895714	37.0	121.29304538230438	132	18.181818181818183	14744822.0
