	18.0	19.0	20.0	21.0	22.0	23.0	24.0	25.0	26.0	27.0	28.0	29.0	30.0	31.0	32.0	33.0	34.0	35.0
209031_HY55YBGXT_TCDM_1_A01_A04_1_2_o_CAGCGT_S1_trim1	10.0	51.0	216.0	606.0	1335.0	2334.0	3792.0	6256.0	10251.0	16907.0	19433.0	21687.0	28860.0	41138.0	65235.0	125415.0	302044.0	625128.0
	15.0	16.0	17.0	18.0	19.0	20.0	21.0	22.0	23.0	24.0	25.0	26.0	27.0	28.0	29.0	30.0	31.0	32.0	33.0	34.0	35.0
209032_HY55YBGXT_TCDM_1_B01_A04_1_1_o_GATCAC_S2_trim1	1.0	0.0	2.0	5.0	71.0	276.0	724.0	1343.0	1797.0	2138.0	2391.0	3114.0	4227.0	5709.0	7705.0	10097.0	14058.0	21047.0	38893.0	90058.0	187933.0
	17.0	18.0	19.0	20.0	21.0	22.0	23.0	24.0	25.0	26.0	27.0	28.0	29.0	30.0	31.0	32.0	33.0	34.0	35.0
209033_HY55YBGXT_TCDM_1_C01_BLANK_ACCAGT_S3_trim1	1.0	5.0	70.0	272.0	674.0	1224.0	1630.0	1620.0	1655.0	1640.0	1516.0	1267.0	1069.0	965.0	801.0	769.0	878.0	1324.0	1493.0
	18.0	19.0	20.0	21.0	22.0	23.0	24.0	25.0	26.0	27.0	28.0	29.0	30.0	31.0	32.0	33.0	34.0	35.0
209034_HY55YBGXT_TCDM_1_D01_A04_1_3_i_TGCACG_S4_trim1	1.0	21.0	123.0	306.0	580.0	1022.0	1535.0	2258.0	3111.0	4469.0	6310.0	8433.0	11114.0	14310.0	19922.0	35050.0	83171.0	179101.0
	17.0	18.0	19.0	20.0	21.0	22.0	23.0	24.0	25.0	26.0	27.0	28.0	29.0	30.0	31.0	32.0	33.0	34.0	35.0
209035_HY55YBGXT_TCDM_1_E01_A04_1_3_o_ACATTA_S5_trim1	7.0	76.0	555.0	2335.0	6441.0	11379.0	14359.0	14331.0	14121.0	16322.0	20574.0	27474.0	36967.0	50387.0	69965.0	111077.0	224709.0	561480.0	1014657.0
	18.0	19.0	20.0	21.0	22.0	23.0	24.0	25.0	26.0	27.0	28.0	29.0	30.0	31.0	32.0	33.0	34.0	35.0
209036_HY55YBGXT_TCDM_1_F01_A27_1_2_i_GTGTAG_S6_trim1	6.0	38.0	211.0	650.0	1258.0	2455.0	4425.0	7525.0	12351.0	19138.0	27999.0	40224.0	56900.0	83508.0	137903.0	273415.0	602885.0	887791.0
	16.0	17.0	18.0	19.0	20.0	21.0	22.0	23.0	24.0	25.0	26.0	27.0	28.0	29.0	30.0	31.0	32.0	33.0	34.0	35.0
209037_HY55YBGXT_TCDM_1_G01_C17_1_2_o_CTAGTC_S7_trim1	1.0	0.0	9.0	55.0	193.0	566.0	1088.0	1870.0	2928.0	4556.0	7467.0	12328.0	12016.0	13621.0	18467.0	26177.0	41267.0	79262.0	192392.0	424705.0
	17.0	18.0	19.0	20.0	21.0	22.0	23.0	24.0	25.0	26.0	27.0	28.0	29.0	30.0	31.0	32.0	33.0	34.0	35.0
209038_HY55YBGXT_TCDM_1_H01_C17_1_2_i_TGTGCA_S8_trim1	2.0	9.0	100.0	434.0	1339.0	2778.0	5116.0	8739.0	14775.0	24848.0	38880.0	56195.0	77311.0	103465.0	143448.0	218648.0	410045.0	1097081.0	2946044.0
	17.0	18.0	19.0	20.0	21.0	22.0	23.0	24.0	25.0	26.0	27.0	28.0	29.0	30.0	31.0	32.0	33.0	34.0	35.0
209039_HY55YBGXT_TCDM_1_A02_X1_54_2_o_TCAGGA_S9_trim1	1.0	19.0	161.0	674.0	1879.0	3832.0	6073.0	9523.0	15050.0	25073.0	39480.0	49053.0	65265.0	89447.0	127012.0	203043.0	394553.0	960164.0	2120558.0
	18.0	19.0	20.0	21.0	22.0	23.0	24.0	25.0	26.0	27.0	28.0	29.0	30.0	31.0	32.0	33.0	34.0	35.0
209040_HY55YBGXT_TCDM_1_B02_X9_27_1_i_CGGTTA_S10_trim1	2.0	20.0	42.0	164.0	318.0	576.0	865.0	1413.0	2125.0	3201.0	4376.0	5559.0	7251.0	9643.0	15228.0	29736.0	69820.0	128663.0
	17.0	18.0	19.0	20.0	21.0	22.0	23.0	24.0	25.0	26.0	27.0	28.0	29.0	30.0	31.0	32.0	33.0	34.0	35.0
209041_HY55YBGXT_TCDM_1_C02_X9_27_2_i_TTAACT_S11_trim1	1.0	8.0	68.0	349.0	896.0	1618.0	1863.0	1708.0	1398.0	1212.0	1217.0	1459.0	1863.0	2349.0	3290.0	4954.0	9077.0	22274.0	41976.0
	16.0	17.0	18.0	19.0	20.0	21.0	22.0	23.0	24.0	25.0	26.0	27.0	28.0	29.0	30.0	31.0	32.0	33.0	34.0	35.0
209042_HY55YBGXT_TCDM_1_D02_X9_27_3_o_ATGAAC_S12_trim1	1.0	2.0	22.0	143.0	667.0	1868.0	3279.0	3955.0	3593.0	2961.0	2615.0	2730.0	3131.0	3411.0	4011.0	5499.0	8546.0	15601.0	36738.0	64608.0
	17.0	18.0	19.0	20.0	21.0	22.0	23.0	24.0	25.0	26.0	27.0	28.0	29.0	30.0	31.0	32.0	33.0	34.0	35.0
209043_HY55YBGXT_TCDM_1_E02_X11_57_2_o_CCTAAG_S13_trim1	1.0	16.0	158.0	628.0	1737.0	3098.0	3963.0	4286.0	4549.0	5434.0	7065.0	9859.0	13090.0	17802.0	25123.0	39080.0	74148.0	172412.0	342398.0
	18.0	19.0	20.0	21.0	22.0	23.0	24.0	25.0	26.0	27.0	28.0	29.0	30.0	31.0	32.0	33.0	34.0	35.0
209044_HY55YBGXT_TCDM_1_F02_X11_57_3_o_AATCCG_S14_trim1	7.0	21.0	72.0	191.0	335.0	453.0	489.0	602.0	708.0	932.0	1157.0	1603.0	2111.0	2727.0	3869.0	5962.0	13326.0	30203.0
	17.0	18.0	19.0	20.0	21.0	22.0	23.0	24.0	25.0	26.0	27.0	28.0	29.0	30.0	31.0	32.0	33.0	34.0	35.0
209045_HY55YBGXT_TCDM_1_G02_X9_27_2_o_GGCTGC_S15_trim1	2.0	10.0	73.0	351.0	1072.0	2414.0	5112.0	10171.0	18935.0	32604.0	52030.0	73398.0	99655.0	134435.0	185475.0	278794.0	505672.0	1310426.0	3466709.0
	16.0	17.0	18.0	19.0	20.0	21.0	22.0	23.0	24.0	25.0	26.0	27.0	28.0	29.0	30.0	31.0	32.0	33.0	34.0	35.0
209046_HY55YBGXT_TCDM_1_H02_X11_57_1_o_TACCTT_S16_trim1	1.0	0.0	8.0	42.0	198.0	545.0	862.0	1177.0	1205.0	1211.0	1545.0	2508.0	1985.0	879.0	408.0	377.0	465.0	642.0	1358.0	2784.0
	16.0	17.0	18.0	19.0	20.0	21.0	22.0	23.0	24.0	25.0	26.0	27.0	28.0	29.0	30.0	31.0	32.0	33.0	34.0	35.0
209047_HY55YBGXT_TCDM_1_A03_A27_1_1_i_TCTTAA_S17_trim1	2.0	3.0	35.0	212.0	1009.0	2821.0	5168.0	7153.0	9089.0	12270.0	17979.0	26317.0	38133.0	52538.0	72580.0	102519.0	165213.0	330257.0	834851.0	1546213.0
	19.0	20.0	21.0	22.0	23.0	24.0	25.0	26.0	27.0	28.0	29.0	30.0	31.0	32.0	33.0	34.0	35.0
209048_HY55YBGXT_TCDM_1_B03_X1_54_2_i_GTCAGG_S18_trim1	7.0	19.0	63.0	131.0	197.0	286.0	367.0	540.0	848.0	998.0	1147.0	1134.0	1339.0	1821.0	2922.0	6327.0	12751.0
	18.0	19.0	20.0	21.0	22.0	23.0	24.0	25.0	26.0	27.0	28.0	29.0	30.0	31.0	32.0	33.0	34.0	35.0
209049_HY55YBGXT_TCDM_1_C03_X11_57_2_i_ATACTG_S19_trim1	5.0	42.0	192.0	605.0	1032.0	1296.0	1108.0	969.0	752.0	633.0	486.0	474.0	455.0	444.0	489.0	685.0	1388.0	2604.0
	19.0	20.0	21.0	22.0	23.0	24.0	25.0	26.0	27.0	28.0	29.0	30.0	31.0	32.0	33.0	34.0	35.0
209050_HY55YBGXT_TCDM_1_D03_X9_27_3_i_TATGTC_S20_trim1	7.0	23.0	70.0	92.0	151.0	170.0	164.0	222.0	239.0	228.0	239.0	230.0	262.0	345.0	447.0	1036.0	2373.0
	17.0	18.0	19.0	20.0	21.0	22.0	23.0	24.0	25.0	26.0	27.0	28.0	29.0	30.0	31.0	32.0	33.0	34.0	35.0
209051_HY55YBGXT_TCDM_1_E03_C17_1_3_i_GAGTCC_S21_trim1	1.0	1.0	7.0	34.0	96.0	154.0	280.0	379.0	436.0	532.0	659.0	701.0	689.0	695.0	699.0	854.0	1281.0	2669.0	5382.0
	17.0	18.0	19.0	20.0	21.0	22.0	23.0	24.0	25.0	26.0	27.0	28.0	29.0	30.0	31.0	32.0	33.0	34.0	35.0
209052_HY55YBGXT_TCDM_1_F03_X11_57_3_i_GGAGGT_S22_trim1	2.0	15.0	71.0	360.0	1052.0	2261.0	4446.0	8180.0	14731.0	24306.0	38235.0	55587.0	77049.0	105442.0	151341.0	245612.0	490866.0	1245642.0	2207512.0
	16.0	17.0	18.0	19.0	20.0	21.0	22.0	23.0	24.0	25.0	26.0	27.0	28.0	29.0	30.0	31.0	32.0	33.0	34.0	35.0
209053_HY55YBGXT_TCDM_1_G03_X9_27_1_o_CACACT_S23_trim1	1.0	1.0	38.0	242.0	1092.0	3012.0	5473.0	7731.0	9775.0	12555.0	17680.0	26274.0	30720.0	37646.0	48661.0	68084.0	105008.0	194533.0	483853.0	1202300.0
	16.0	17.0	18.0	19.0	20.0	21.0	22.0	23.0	24.0	25.0	26.0	27.0	28.0	29.0	30.0	31.0	32.0	33.0	34.0	35.0
209054_HY55YBGXT_TCDM_1_H03_A04_1_2_o_CCGCAA_S24_trim1	1.0	4.0	36.0	239.0	1107.0	2911.0	5448.0	7951.0	11048.0	14989.0	21544.0	30646.0	40925.0	52661.0	67632.0	90882.0	135602.0	245498.0	608986.0	1517981.0
	16.0	17.0	18.0	19.0	20.0	21.0	22.0	23.0	24.0	25.0	26.0	27.0	28.0	29.0	30.0	31.0	32.0	33.0	34.0	35.0
209055_HY55YBGXT_TCDM_1_A04_X4_67_2_o_TTTATG_S25_trim1	3.0	4.0	40.0	216.0	992.0	2842.0	5537.0	8435.0	12359.0	19182.0	30549.0	47003.0	68466.0	95995.0	130103.0	179667.0	264733.0	461377.0	1291809.0	5104739.0
	16.0	17.0	18.0	19.0	20.0	21.0	22.0	23.0	24.0	25.0	26.0	27.0	28.0	29.0	30.0	31.0	32.0	33.0	34.0	35.0
209056_HY55YBGXT_TCDM_1_B04_C64_1_2_o_AACGCC_S26_trim1	1.0	1.0	36.0	230.0	977.0	2848.0	5478.0	8232.0	11687.0	17058.0	25664.0	37600.0	53189.0	72091.0	95446.0	130677.0	194185.0	342196.0	891429.0	3070142.0
	17.0	18.0	19.0	20.0	21.0	22.0	23.0	24.0	25.0	26.0	27.0	28.0	29.0	30.0	31.0	32.0	33.0	34.0	35.0
209057_HY55YBGXT_TCDM_1_C04_A04_1_1_i_CAAGCA_S27_trim1	11.0	85.0	561.0	2479.0	6892.0	13028.0	17283.0	20402.0	25202.0	35004.0	50462.0	70240.0	94190.0	126298.0	172277.0	254021.0	445038.0	1232242.0	4449690.0
	17.0	18.0	19.0	20.0	21.0	22.0	23.0	24.0	25.0	26.0	27.0	28.0	29.0	30.0	31.0	32.0	33.0	34.0	35.0
209058_HY55YBGXT_TCDM_1_D04_X4_67_3_i_GCTCGA_S28_trim1	1.0	3.0	31.0	138.0	386.0	765.0	1374.0	2207.0	3525.0	5664.0	8546.0	11265.0	15138.0	20217.0	28422.0	43445.0	79148.0	194766.0	609034.0
	16.0	17.0	18.0	19.0	20.0	21.0	22.0	23.0	24.0	25.0	26.0	27.0	28.0	29.0	30.0	31.0	32.0	33.0	34.0	35.0
209059_HY55YBGXT_TCDM_1_E04_A04_1_2_i_GCGAAT_S29_trim1	1.0	4.0	34.0	222.0	1051.0	3025.0	6074.0	8749.0	12233.0	18387.0	28122.0	43376.0	62138.0	85907.0	115412.0	158078.0	232816.0	408707.0	1107042.0	4115766.0
	16.0	17.0	18.0	19.0	20.0	21.0	22.0	23.0	24.0	25.0	26.0	27.0	28.0	29.0	30.0	31.0	32.0	33.0	34.0	35.0
209060_HY55YBGXT_TCDM_1_F04_C17_1_1_i_TGGATT_S30_trim1	1.0	7.0	21.0	157.0	639.0	1869.0	4018.0	6846.0	11132.0	19029.0	32119.0	50553.0	74189.0	103381.0	140043.0	194183.0	288116.0	505788.0	1424062.0	5613308.0
	17.0	18.0	19.0	20.0	21.0	22.0	23.0	24.0	25.0	26.0	27.0	28.0	29.0	30.0	31.0	32.0	33.0	34.0	35.0
209061_HY55YBGXT_TCDM_1_G04_X4_67_2_i_ACCTAC_S31_trim1	5.0	34.0	296.0	1491.0	4268.0	8298.0	12202.0	16487.0	23282.0	34600.0	51166.0	73448.0	100743.0	136204.0	186975.0	278999.0	499244.0	1397596.0	4605377.0
	15.0	16.0	17.0	18.0	19.0	20.0	21.0	22.0	23.0	24.0	25.0	26.0	27.0	28.0	29.0	30.0	31.0	32.0	33.0	34.0	35.0
209062_HY55YBGXT_TCDM_1_H04_X4_67_1_i_CGAAGG_S32_trim1	1.0	0.0	4.0	28.0	202.0	963.0	2772.0	5685.0	9848.0	15831.0	26257.0	42520.0	66348.0	95824.0	133127.0	180371.0	249175.0	370597.0	659209.0	1819242.0	6074766.0
	16.0	17.0	18.0	19.0	20.0	21.0	22.0	23.0	24.0	25.0	26.0	27.0	28.0	29.0	30.0	31.0	32.0	33.0	34.0	35.0
209063_HY55YBGXT_TCDM_1_A05_C64_1_2_i_AGATAG_S33_trim1	1.0	3.0	39.0	198.0	923.0	2534.0	4858.0	7307.0	9938.0	14619.0	22179.0	32924.0	47267.0	65223.0	89208.0	126885.0	198948.0	385939.0	1000141.0	2118771.0
	16.0	17.0	18.0	19.0	20.0	21.0	22.0	23.0	24.0	25.0	26.0	27.0	28.0	29.0	30.0	31.0	32.0	33.0	34.0	35.0
209064_HY55YBGXT_TCDM_1_B05_C64_1_1_o_TTGGTA_S34_trim1	1.0	1.0	12.0	111.0	530.0	1521.0	3466.0	6295.0	10671.0	17929.0	29400.0	46472.0	68191.0	94803.0	128695.0	176885.0	267835.0	489759.0	1319219.0	4034763.0
	17.0	18.0	19.0	20.0	21.0	22.0	23.0	24.0	25.0	26.0	27.0	28.0	29.0	30.0	31.0	32.0	33.0	34.0	35.0
209065_HY55YBGXT_TCDM_1_C05_X5_31_3_i_GTTACC_S35_trim1	1.0	13.0	97.0	474.0	1357.0	2794.0	4856.0	8460.0	14481.0	23397.0	36456.0	53823.0	74901.0	102597.0	143382.0	226165.0	444375.0	1160058.0	2458606.0
	18.0	19.0	20.0	21.0	22.0	23.0	24.0	25.0	26.0	27.0	28.0	29.0	30.0	31.0	32.0	33.0	34.0	35.0
209066_HY55YBGXT_TCDM_1_D05_X4_67_3_o_CGCAAC_S36_trim1	14.0	112.0	516.0	1410.0	2398.0	3334.0	3546.0	3730.0	4110.0	5036.0	5717.0	6652.0	8073.0	10489.0	16589.0	31498.0	73060.0	117987.0
	17.0	18.0	19.0	20.0	21.0	22.0	23.0	24.0	25.0	26.0	27.0	28.0	29.0	30.0	31.0	32.0	33.0	34.0	35.0
209067_HY55YBGXT_TCDM_1_E05_X5_31_2_i_TGGCGA_S37_trim1	4.0	7.0	94.0	377.0	1138.0	2724.0	5499.0	10407.0	19234.0	33046.0	53159.0	76644.0	107037.0	150211.0	214820.0	344240.0	678093.0	1741774.0	3477358.0
	17.0	18.0	19.0	20.0	21.0	22.0	23.0	24.0	25.0	26.0	27.0	28.0	29.0	30.0	31.0	32.0	33.0	34.0	35.0
209068_HY55YBGXT_TCDM_1_F05_C17_1_1_o_ACCGTG_S38_trim1	2.0	1.0	15.0	64.0	212.0	343.0	448.0	430.0	369.0	411.0	531.0	664.0	755.0	1057.0	1358.0	1926.0	3397.0	6810.0	10570.0
	17.0	18.0	19.0	20.0	21.0	22.0	23.0	24.0	25.0	26.0	27.0	28.0	29.0	30.0	31.0	32.0	33.0	34.0	35.0
209069_HY55YBGXT_TCDM_1_G05_A20_1_1_o_CAACAG_S39_trim1	4.0	25.0	309.0	1112.0	3044.0	5400.0	6627.0	6506.0	6574.0	6961.0	8326.0	10449.0	13431.0	17955.0	24965.0	38797.0	73257.0	174709.0	327691.0
	17.0	18.0	19.0	20.0	21.0	22.0	23.0	24.0	25.0	26.0	27.0	28.0	29.0	30.0	31.0	32.0	33.0	34.0	35.0
209070_HY55YBGXT_TCDM_1_H05_C17_1_3_o_GATTGT_S40_trim1	6.0	29.0	175.0	787.0	2318.0	4898.0	9275.0	16083.0	27697.0	44929.0	69928.0	100308.0	136652.0	184712.0	254368.0	389633.0	717065.0	1929017.0	4401951.0
	17.0	18.0	19.0	20.0	21.0	22.0	23.0	24.0	25.0	26.0	27.0	28.0	29.0	30.0	31.0	32.0	33.0	34.0	35.0
209071_HY55YBGXT_TCDM_1_A06_A20_1_1_i_CTCTCG_S41_trim1	4.0	22.0	101.0	561.0	1507.0	3245.0	6122.0	11074.0	19730.0	33175.0	51838.0	75746.0	106426.0	146140.0	206122.0	321846.0	615165.0	1598471.0	3617704.0
	17.0	18.0	19.0	20.0	21.0	22.0	23.0	24.0	25.0	26.0	27.0	28.0	29.0	30.0	31.0	32.0	33.0	34.0	35.0
209072_HY55YBGXT_TCDM_1_B06_A20_1_2_o_TGACAC_S42_trim1	2.0	11.0	64.0	320.0	924.0	1587.0	2178.0	2529.0	3125.0	4112.0	5747.0	7996.0	11217.0	14846.0	20255.0	29461.0	53483.0	127882.0	329463.0
	17.0	18.0	19.0	20.0	21.0	22.0	23.0	24.0	25.0	26.0	27.0	28.0	29.0	30.0	31.0	32.0	33.0	34.0	35.0
209073_HY55YBGXT_TCDM_1_C06_X5_31_1_o_AAGACA_S43_trim1	10.0	112.0	900.0	3828.0	10153.0	17339.0	20820.0	17763.0	12819.0	8751.0	6514.0	5035.0	4244.0	4073.0	4156.0	4916.0	6794.0	14155.0	31731.0
	17.0	18.0	19.0	20.0	21.0	22.0	23.0	24.0	25.0	26.0	27.0	28.0	29.0	30.0	31.0	32.0	33.0	34.0	35.0
209074_HY55YBGXT_TCDM_1_D06_X4_67_1_o_ACAGAT_S44_trim1	1.0	37.0	257.0	1203.0	3255.0	5643.0	6614.0	5791.0	4348.0	3442.0	3143.0	3251.0	3542.0	4313.0	5576.0	8131.0	15348.0	36277.0	60087.0
	18.0	19.0	20.0	21.0	22.0	23.0	24.0	25.0	26.0	27.0	28.0	29.0	30.0	31.0	32.0	33.0	34.0	35.0
209075_HY55YBGXT_TCDM_1_E06_A27_1_2_o_TAGGCT_S45_trim1	2.0	16.0	83.0	247.0	519.0	839.0	1477.0	2416.0	3889.0	6185.0	8618.0	10274.0	13756.0	19493.0	31600.0	62565.0	152843.0	255647.0
	18.0	19.0	20.0	21.0	22.0	23.0	24.0	25.0	26.0	27.0	28.0	29.0	30.0	31.0	32.0	33.0	34.0	35.0
209076_HY55YBGXT_TCDM_1_F06_X5_31_3_o_CTCCAT_S46_trim1	9.0	79.0	285.0	831.0	1520.0	1852.0	1833.0	1817.0	1940.0	2188.0	2509.0	3012.0	3749.0	4804.0	6676.0	11507.0	27212.0	52667.0
	19.0	20.0	21.0	22.0	23.0	24.0	25.0	26.0	27.0	28.0	29.0	30.0	31.0	32.0	33.0	34.0	35.0
209077_HY55YBGXT_TCDM_1_G06_X5_31_2_o_GCATGG_S47_trim1	12.0	41.0	130.0	262.0	435.0	783.0	1013.0	1644.0	2515.0	3501.0	4101.0	4831.0	5985.0	8997.0	16043.0	37365.0	76798.0
	17.0	18.0	19.0	20.0	21.0	22.0	23.0	24.0	25.0	26.0	27.0	28.0	29.0	30.0	31.0	32.0	33.0	34.0	35.0
209078_HY55YBGXT_TCDM_1_H06_C64_1_3_i_AATAGC_S48_trim1	10.0	100.0	610.0	2752.0	7387.0	13724.0	19851.0	24905.0	33244.0	47984.0	70982.0	98109.0	127799.0	163393.0	220267.0	323887.0	573016.0	1527131.0	4475627.0
	16.0	17.0	18.0	19.0	20.0	21.0	22.0	23.0	24.0	25.0	26.0	27.0	28.0	29.0	30.0	31.0	32.0	33.0	34.0	35.0
209079_HY55YBGXT_TCDM_1_A07_A20_1_2_i_GTGCCA_S49_trim1	2.0	3.0	15.0	133.0	539.0	1574.0	3528.0	6623.0	12156.0	20571.0	34031.0	53051.0	76392.0	104461.0	138744.0	185631.0	271231.0	465475.0	1216914.0	4070049.0
	17.0	18.0	19.0	20.0	21.0	22.0	23.0	24.0	25.0	26.0	27.0	28.0	29.0	30.0	31.0	32.0	33.0	34.0	35.0
209080_HY55YBGXT_TCDM_1_B07_A20_1_3_i_TCGAGG_S50_trim1	2.0	23.0	129.0	528.0	1542.0	3506.0	6543.0	11396.0	20412.0	34993.0	56238.0	77017.0	104415.0	140946.0	194719.0	290101.0	520317.0	1429166.0	4326502.0
	16.0	17.0	18.0	19.0	20.0	21.0	22.0	23.0	24.0	25.0	26.0	27.0	28.0	29.0	30.0	31.0	32.0	33.0	34.0	35.0
209081_HY55YBGXT_TCDM_1_C07_A20_1_3_o_CACTAA_S51_trim1	3.0	3.0	105.0	899.0	3947.0	10810.0	19694.0	25861.0	28384.0	32331.0	41635.0	57656.0	79297.0	104087.0	135038.0	180415.0	261501.0	449524.0	1205046.0	4135287.0
	17.0	18.0	19.0	20.0	21.0	22.0	23.0	24.0	25.0	26.0	27.0	28.0	29.0	30.0	31.0	32.0	33.0	34.0	35.0
209082_HY55YBGXT_TCDM_1_D07_A27_1_3_o_GGTATA_S52_trim1	7.0	33.0	276.0	1113.0	3254.0	6564.0	10023.0	15116.0	23027.0	36519.0	55425.0	79904.0	110766.0	149052.0	201590.0	293747.0	511035.0	1400060.0	4572521.0
	17.0	18.0	19.0	20.0	21.0	22.0	23.0	24.0	25.0	26.0	27.0	28.0	29.0	30.0	31.0	32.0	33.0	34.0	35.0
209083_HY55YBGXT_TCDM_1_E07_A27_1_1_o_CGCCTG_S53_trim1	2.0	11.0	133.0	546.0	1563.0	3292.0	6303.0	11701.0	20342.0	33900.0	52480.0	77064.0	105837.0	144006.0	200437.0	307210.0	574171.0	1477520.0	3510646.0
	16.0	17.0	18.0	19.0	20.0	21.0	22.0	23.0	24.0	25.0	26.0	27.0	28.0	29.0	30.0	31.0	32.0	33.0	34.0	35.0
209084_HY55YBGXT_TCDM_1_F07_X5_31_1_i_AATGAA_S54_trim1	2.0	17.0	125.0	995.0	4401.0	12016.0	21975.0	28342.0	31214.0	35438.0	45214.0	62999.0	85196.0	111789.0	146213.0	198893.0	297501.0	536845.0	1457497.0	3834824.0
	16.0	17.0	18.0	19.0	20.0	21.0	22.0	23.0	24.0	25.0	26.0	27.0	28.0	29.0	30.0	31.0	32.0	33.0	34.0	35.0
209085_HY55YBGXT_TCDM_1_G07_X11_57_1_i_ACAACG_S55_trim1	1.0	7.0	101.0	686.0	2780.0	7970.0	14699.0	20069.0	23993.0	30353.0	41659.0	58652.0	81742.0	109883.0	145414.0	196660.0	284273.0	500568.0	1375168.0	4007303.0
	17.0	18.0	19.0	20.0	21.0	22.0	23.0	24.0	25.0	26.0	27.0	28.0	29.0	30.0	31.0	32.0	33.0	34.0	35.0
209086_HY55YBGXT_TCDM_1_H07_X2_45_2_i_ATATCC_S56_trim1	5.0	47.0	389.0	1667.0	4506.0	8604.0	12517.0	16499.0	22969.0	33475.0	49385.0	69448.0	94852.0	126488.0	171169.0	247033.0	423354.0	1123585.0	3825262.0
	17.0	18.0	19.0	20.0	21.0	22.0	23.0	24.0	25.0	26.0	27.0	28.0	29.0	30.0	31.0	32.0	33.0	34.0	35.0
209087_HY55YBGXT_TCDM_1_A08_X2_45_2_o_AGTACT_S57_trim1	7.0	54.0	350.0	1720.0	4544.0	8700.0	13116.0	17831.0	26666.0	40036.0	60167.0	86250.0	118328.0	159366.0	220183.0	335467.0	624657.0	1676731.0	4386415.0
	15.0	16.0	17.0	18.0	19.0	20.0	21.0	22.0	23.0	24.0	25.0	26.0	27.0	28.0	29.0	30.0	31.0	32.0	33.0	34.0	35.0
209088_HY55YBGXT_TCDM_1_B08_X2_45_1_i_ATAAGA_S58_trim1	1.0	3.0	14.0	196.0	1357.0	6051.0	16318.0	28960.0	36958.0	38395.0	41331.0	51489.0	71514.0	88970.0	114544.0	151511.0	204272.0	299286.0	518136.0	1418958.0	5019919.0
	17.0	18.0	19.0	20.0	21.0	22.0	23.0	24.0	25.0	26.0	27.0	28.0	29.0	30.0	31.0	32.0	33.0	34.0	35.0
209089_HY55YBGXT_TCDM_1_C08_X2_45_3_o_GGTGAG_S59_trim1	5.0	19.0	107.0	486.0	1371.0	3045.0	6100.0	11530.0	21276.0	35681.0	55884.0	82022.0	112598.0	151939.0	207690.0	301831.0	519824.0	1393802.0	4760633.0
	17.0	18.0	19.0	20.0	21.0	22.0	23.0	24.0	25.0	26.0	27.0	28.0	29.0	30.0	31.0	32.0	33.0	34.0	35.0
209090_HY55YBGXT_TCDM_1_D08_X2_45_3_i_TTCCGC_S60_trim1	2.0	22.0	168.0	730.0	1981.0	4244.0	7782.0	14041.0	24002.0	40426.0	64038.0	91929.0	123580.0	165578.0	225492.0	328618.0	564173.0	1536274.0	5274996.0
	18.0	19.0	20.0	21.0	22.0	23.0	24.0	25.0	26.0	27.0	28.0	29.0	30.0	31.0	32.0	33.0	34.0	35.0
209091_HY55YBGXT_TCDM_1_E08_X2_45_1_o_GAAGTG_S61_trim1	1.0	2.0	11.0	30.0	75.0	87.0	126.0	191.0	240.0	364.0	478.0	600.0	577.0	683.0	964.0	1541.0	3042.0	7132.0
	18.0	19.0	20.0	21.0	22.0	23.0	24.0	25.0	26.0	27.0	28.0	29.0	30.0	31.0	32.0	33.0	34.0	35.0
209092_HY55YBGXT_TCDM_1_F08_X11_68_1_o_CAATGC_S62_trim1	4.0	48.0	182.0	526.0	923.0	1110.0	1171.0	1056.0	974.0	1097.0	1041.0	897.0	869.0	937.0	1224.0	1890.0	4289.0	11116.0
	16.0	17.0	18.0	19.0	20.0	21.0	22.0	23.0	24.0	25.0	26.0	27.0	28.0	29.0	30.0	31.0	32.0	33.0	34.0	35.0
209093_HY55YBGXT_TCDM_1_G08_X11_68_1_i_ACGTCT_S63_trim1	1.0	4.0	32.0	167.0	748.0	2090.0	4364.0	7650.0	12777.0	21196.0	34596.0	53891.0	77799.0	104378.0	137572.0	185622.0	272021.0	476801.0	1283797.0	4084115.0
	17.0	18.0	19.0	20.0	21.0	22.0	23.0	24.0	25.0	26.0	27.0	28.0	29.0	30.0	31.0	32.0	33.0	34.0	35.0
209094_HY55YBGXT_TCDM_1_H08_X11_68_3_i_CAGGAC_S64_trim1	4.0	31.0	182.0	916.0	2572.0	5271.0	8850.0	14283.0	23106.0	37261.0	58553.0	77901.0	100210.0	133102.0	182785.0	271113.0	483328.0	1290303.0	3793710.0
	17.0	18.0	19.0	20.0	21.0	22.0	23.0	24.0	25.0	26.0	27.0	28.0	29.0	30.0	31.0	32.0	33.0	34.0	35.0
209095_HY55YBGXT_TCDM_1_A09_X11_68_3_o_AAGCTC_S65_trim1	6.0	23.0	211.0	952.0	2710.0	5395.0	8159.0	12086.0	17619.0	26260.0	40303.0	56207.0	74894.0	97594.0	134377.0	207545.0	394534.0	1004350.0	2463213.0
	17.0	18.0	19.0	20.0	21.0	22.0	23.0	24.0	25.0	26.0	27.0	28.0	29.0	30.0	31.0	32.0	33.0	34.0	35.0
209096_HY55YBGXT_TCDM_1_B09_X11_68_2_o_GACGAT_S66_trim1	4.0	25.0	174.0	799.0	2232.0	4686.0	7991.0	13116.0	21825.0	35602.0	55394.0	80284.0	110512.0	150143.0	205356.0	304006.0	543230.0	1497435.0	4741379.0
	18.0	19.0	20.0	21.0	22.0	23.0	24.0	25.0	26.0	27.0	28.0	29.0	30.0	31.0	32.0	33.0	34.0	35.0
209097_HY55YBGXT_TCDM_1_C09_A20_2_3_o_TCGTTC_S67_trim1	2.0	24.0	81.0	277.0	593.0	995.0	1695.0	2645.0	4301.0	6728.0	9422.0	12240.0	15701.0	22230.0	36036.0	72860.0	180078.0	318866.0
	16.0	17.0	18.0	19.0	20.0	21.0	22.0	23.0	24.0	25.0	26.0	27.0	28.0	29.0	30.0	31.0	32.0	33.0	34.0	35.0
209098_HY55YBGXT_TCDM_1_D09_A03_2_1_o_CCAATT_S68_trim1	2.0	11.0	61.0	488.0	2288.0	6466.0	11642.0	16377.0	20275.0	27736.0	40601.0	59569.0	84834.0	115270.0	155040.0	215529.0	332422.0	629683.0	1670330.0	3860981.0
	17.0	18.0	19.0	20.0	21.0	22.0	23.0	24.0	25.0	26.0	27.0	28.0	29.0	30.0	31.0	32.0	33.0	34.0	35.0
209099_HY55YBGXT_TCDM_1_E09_C17_2_3_o_AGTTGA_S69_trim1	3.0	29.0	207.0	879.0	2561.0	5013.0	7964.0	12292.0	19029.0	30468.0	47903.0	64311.0	82686.0	110553.0	152648.0	227642.0	409346.0	1067516.0	3495459.0
	16.0	17.0	18.0	19.0	20.0	21.0	22.0	23.0	24.0	25.0	26.0	27.0	28.0	29.0	30.0	31.0	32.0	33.0	34.0	35.0
209100_HY55YBGXT_TCDM_1_F09_A03_2_1_i_AACCGA_S70_trim1	1.0	8.0	91.0	648.0	2905.0	7681.0	14253.0	19592.0	24430.0	31809.0	46638.0	66271.0	85008.0	111097.0	147465.0	200499.0	295903.0	522062.0	1420744.0	4226890.0
	16.0	17.0	18.0	19.0	20.0	21.0	22.0	23.0	24.0	25.0	26.0	27.0	28.0	29.0	30.0	31.0	32.0	33.0	34.0	35.0
209101_HY55YBGXT_TCDM_1_G09_C14_2_1_i_CAGATG_S71_trim1	2.0	6.0	38.0	205.0	1049.0	2787.0	5646.0	9131.0	13678.0	21107.0	33351.0	50391.0	72104.0	97595.0	127323.0	169831.0	244064.0	413984.0	1114139.0	3909857.0
	17.0	18.0	19.0	20.0	21.0	22.0	23.0	24.0	25.0	26.0	27.0	28.0	29.0	30.0	31.0	32.0	33.0	34.0	35.0
209102_HY55YBGXT_TCDM_1_H09_A20_2_2_i_GTAGAA_S72_trim1	5.0	37.0	326.0	1359.0	3826.0	7299.0	10962.0	15238.0	21988.0	33534.0	50159.0	71010.0	93861.0	122116.0	163748.0	243174.0	434950.0	1147956.0	3515166.0
	16.0	17.0	18.0	19.0	20.0	21.0	22.0	23.0	24.0	25.0	26.0	27.0	28.0	29.0	30.0	31.0	32.0	33.0	34.0	35.0
209103_HY55YBGXT_TCDM_1_A10_A20_2_1_o_GACATC_S73_trim1	2.0	5.0	49.0	294.0	1414.0	4179.0	7884.0	12301.0	17580.0	26365.0	40960.0	61370.0	87667.0	120240.0	161210.0	218444.0	321542.0	569174.0	1506969.0	4814237.0
	16.0	17.0	18.0	19.0	20.0	21.0	22.0	23.0	24.0	25.0	26.0	27.0	28.0	29.0	30.0	31.0	32.0	33.0	34.0	35.0
209104_HY55YBGXT_TCDM_1_B10_C14_2_2_o_CGATCT_S74_trim1	2.0	3.0	36.0	203.0	954.0	2715.0	5163.0	8333.0	11452.0	16911.0	25195.0	36933.0	53080.0	72378.0	94796.0	127796.0	183721.0	312243.0	789249.0	2670035.0
	16.0	17.0	18.0	19.0	20.0	21.0	22.0	23.0	24.0	25.0	26.0	27.0	28.0	29.0	30.0	31.0	32.0	33.0	34.0	35.0
209105_HY55YBGXT_TCDM_1_C10_A04_2_3_o_CGTCGC_S75_trim1	1.0	1.0	14.0	59.0	296.0	927.0	1777.0	3378.0	5798.0	9582.0	16010.0	25611.0	29467.0	34307.0	45547.0	61222.0	89819.0	153316.0	380614.0	1218180.0
	17.0	18.0	19.0	20.0	21.0	22.0	23.0	24.0	25.0	26.0	27.0	28.0	29.0	30.0	31.0	32.0	33.0	34.0	35.0
209106_HY55YBGXT_TCDM_1_D10_A04_2_1_o_ATGGCG_S76_trim1	3.0	1.0	23.0	58.0	179.0	370.0	640.0	1029.0	1599.0	2376.0	3747.0	5125.0	6036.0	7221.0	9404.0	13934.0	24167.0	55566.0	157136.0
	18.0	19.0	20.0	21.0	22.0	23.0	24.0	25.0	26.0	27.0	28.0	29.0	30.0	31.0	32.0	33.0	34.0	35.0
209107_HY55YBGXT_TCDM_1_E10_A04_2_1_i_ATTGGT_S77_trim1	4.0	32.0	120.0	348.0	758.0	1431.0	2293.0	3445.0	5234.0	8505.0	12005.0	14106.0	16766.0	22083.0	32202.0	56082.0	141341.0	486207.0
	17.0	18.0	19.0	20.0	21.0	22.0	23.0	24.0	25.0	26.0	27.0	28.0	29.0	30.0	31.0	32.0	33.0	34.0	35.0
209108_HY55YBGXT_TCDM_1_F10_A04_2_3_i_GCCACA_S78_trim1	2.0	20.0	184.0	822.0	2189.0	4193.0	6209.0	8129.0	10538.0	14570.0	20870.0	28750.0	37096.0	47663.0	62209.0	90493.0	157643.0	395306.0	1116176.0
	16.0	17.0	18.0	19.0	20.0	21.0	22.0	23.0	24.0	25.0	26.0	27.0	28.0	29.0	30.0	31.0	32.0	33.0	34.0	35.0
209109_HY55YBGXT_TCDM_1_G10_A20_2_1_i_CATCTA_S79_trim1	1.0	4.0	53.0	424.0	1869.0	4958.0	9697.0	13884.0	18304.0	24755.0	36944.0	54607.0	75671.0	101362.0	132864.0	179350.0	261842.0	460396.0	1243478.0	3993765.0
	15.0	16.0	17.0	18.0	19.0	20.0	21.0	22.0	23.0	24.0	25.0	26.0	27.0	28.0	29.0	30.0	31.0	32.0	33.0	34.0	35.0
209110_HY55YBGXT_TCDM_1_H10_A04_2_2_o_AACAAG_S80_trim1	1.0	1.0	14.0	139.0	993.0	4488.0	12092.0	21778.0	27633.0	27583.0	27569.0	30726.0	39307.0	52667.0	69743.0	91714.0	126458.0	191961.0	359058.0	919411.0	2111082.0
	17.0	18.0	19.0	20.0	21.0	22.0	23.0	24.0	25.0	26.0	27.0	28.0	29.0	30.0	31.0	32.0	33.0	34.0	35.0
209111_HY55YBGXT_TCDM_1_A11_A04_2_2_i_GCAGCC_S81_trim1	3.0	23.0	133.0	560.0	1575.0	3586.0	6515.0	11722.0	20364.0	33488.0	52082.0	74256.0	99712.0	132757.0	182380.0	271403.0	485714.0	1296699.0	3885519.0
	16.0	17.0	18.0	19.0	20.0	21.0	22.0	23.0	24.0	25.0	26.0	27.0	28.0	29.0	30.0	31.0	32.0	33.0	34.0	35.0
209112_HY55YBGXT_TCDM_1_B11_A20_2_2_o_ACTCTT_S82_trim1	1.0	6.0	35.0	261.0	1172.0	3365.0	6702.0	10289.0	15102.0	22981.0	36547.0	54677.0	78993.0	107205.0	141787.0	192735.0	281114.0	489504.0	1328147.0	4617107.0
	16.0	17.0	18.0	19.0	20.0	21.0	22.0	23.0	24.0	25.0	26.0	27.0	28.0	29.0	30.0	31.0	32.0	33.0	34.0	35.0
209113_HY55YBGXT_TCDM_1_C11_C17_2_1_i_TGCTAT_S83_trim1	1.0	6.0	21.0	169.0	788.0	2120.0	4496.0	7211.0	11085.0	17828.0	28632.0	43750.0	64039.0	88396.0	118143.0	161407.0	234001.0	404851.0	1086913.0	3822489.0
	17.0	18.0	19.0	20.0	21.0	22.0	23.0	24.0	25.0	26.0	27.0	28.0	29.0	30.0	31.0	32.0	33.0	34.0	35.0
209114_HY55YBGXT_TCDM_1_D11_A03_2_3_i_AAGTGG_S84_trim1	6.0	22.0	143.0	634.0	1783.0	3831.0	6766.0	12384.0	21985.0	37370.0	60559.0	84408.0	112526.0	150502.0	207146.0	306395.0	541443.0	1507990.0	5516989.0
	17.0	18.0	19.0	20.0	21.0	22.0	23.0	24.0	25.0	26.0	27.0	28.0	29.0	30.0	31.0	32.0	33.0	34.0	35.0
209115_HY55YBGXT_TCDM_1_E11_C14_2_3_i_CTCATA_S85_trim1	5.0	37.0	338.0	1408.0	3877.0	7226.0	10061.0	12215.0	16188.0	23097.0	33195.0	47459.0	64799.0	86631.0	118576.0	177029.0	325244.0	836465.0	2228580.0
	17.0	18.0	19.0	20.0	21.0	22.0	23.0	24.0	25.0	26.0	27.0	28.0	29.0	30.0	31.0	32.0	33.0	34.0	35.0
209116_HY55YBGXT_TCDM_1_F11_C14_2_1_i_CCGACC_S86_trim1	3.0	33.0	246.0	988.0	2796.0	5909.0	9677.0	14996.0	23997.0	39204.0	58180.0	68234.0	86085.0	112630.0	151631.0	222384.0	380612.0	974790.0	2987096.0
	16.0	17.0	18.0	19.0	20.0	21.0	22.0	23.0	24.0	25.0	26.0	27.0	28.0	29.0	30.0	31.0	32.0	33.0	34.0	35.0
209117_HY55YBGXT_TCDM_1_G11_A20_2_3_o_GGCCAA_S87_trim1	2.0	6.0	54.0	285.0	1245.0	3617.0	7248.0	11143.0	16035.0	23695.0	36878.0	54912.0	77487.0	105011.0	140018.0	190022.0	281188.0	505067.0	1280865.0	3458448.0
	16.0	17.0	18.0	19.0	20.0	21.0	22.0	23.0	24.0	25.0	26.0	27.0	28.0	29.0	30.0	31.0	32.0	33.0	34.0	35.0
209118_HY55YBGXT_TCDM_1_H11_C14_2_2_i_AGACCA_S88_trim1	1.0	8.0	102.0	767.0	3461.0	9664.0	17559.0	23470.0	27540.0	34173.0	46955.0	66193.0	91558.0	122634.0	160478.0	217285.0	319685.0	569396.0	1607991.0	4640890.0
	16.0	17.0	18.0	19.0	20.0	21.0	22.0	23.0	24.0	25.0	26.0	27.0	28.0	29.0	30.0	31.0	32.0	33.0	34.0	35.0
209119_HY55YBGXT_TCDM_1_A12_C14_2_3_o_CGCGGA_S89_trim1	1.0	2.0	24.0	156.0	702.0	2008.0	4184.0	7644.0	13541.0	24344.0	41349.0	64673.0	87044.0	115653.0	153766.0	209489.0	305151.0	526394.0	1393504.0	4812474.0
	17.0	18.0	19.0	20.0	21.0	22.0	23.0	24.0	25.0	26.0	27.0	28.0	29.0	30.0	31.0	32.0	33.0	34.0	35.0
209120_HY55YBGXT_TCDM_1_B12_C17_2_2_i_CCTGCT_S90_trim1	7.0	24.0	161.0	642.0	1772.0	3877.0	7377.0	13225.0	22619.0	37727.0	59488.0	83092.0	109288.0	146031.0	201842.0	310034.0	574466.0	1463585.0	3848589.0
	16.0	17.0	18.0	19.0	20.0	21.0	22.0	23.0	24.0	25.0	26.0	27.0	28.0	29.0	30.0	31.0	32.0	33.0	34.0	35.0
209121_HY55YBGXT_TCDM_1_C12_A03_2_3_o_GCGCTG_S91_trim1	1.0	4.0	23.0	101.0	523.0	1603.0	3588.0	7130.0	13893.0	24778.0	42782.0	67322.0	98704.0	137185.0	185142.0	252899.0	369933.0	640915.0	1719507.0	5903413.0
	17.0	18.0	19.0	20.0	21.0	22.0	23.0	24.0	25.0	26.0	27.0	28.0	29.0	30.0	31.0	32.0	33.0	34.0	35.0
209122_HY55YBGXT_TCDM_1_D12_C17_2_3_i_GAACCT_S92_trim1	1.0	19.0	168.0	754.0	2013.0	4054.0	6449.0	9472.0	14221.0	22302.0	32774.0	47241.0	64179.0	85141.0	116661.0	172921.0	314478.0	817995.0	2272620.0
	17.0	18.0	19.0	20.0	21.0	22.0	23.0	24.0	25.0	26.0	27.0	28.0	29.0	30.0	31.0	32.0	33.0	34.0	35.0
209123_HY55YBGXT_TCDM_1_E12_A03_2_2_o_TTCGAG_S93_trim1	1.0	22.0	132.0	520.0	1533.0	3249.0	5892.0	10120.0	17299.0	29314.0	44770.0	65452.0	90909.0	122382.0	168191.0	248508.0	440121.0	1149832.0	3831252.0
	17.0	18.0	19.0	20.0	21.0	22.0	23.0	24.0	25.0	26.0	27.0	28.0	29.0	30.0	31.0	32.0	33.0	34.0	35.0
209124_HY55YBGXT_TCDM_1_F12_C17_2_2_o_AGAATC_S94_trim1	10.0	83.0	594.0	2721.0	7783.0	14214.0	19468.0	23390.0	30022.0	43424.0	64220.0	82394.0	106354.0	141774.0	191711.0	282115.0	495984.0	1369636.0	4449053.0
	15.0	16.0	17.0	18.0	19.0	20.0	21.0	22.0	23.0	24.0	25.0	26.0	27.0	28.0	29.0	30.0	31.0	32.0	33.0	34.0	35.0
209125_HY55YBGXT_TCDM_1_G12_X8_415_3_i_AGGCAT_S95_trim1	1.0	1.0	5.0	16.0	196.0	889.0	2536.0	5291.0	9444.0	15898.0	27699.0	46504.0	71425.0	102902.0	140814.0	186739.0	250857.0	359771.0	611695.0	1548958.0	4016975.0
	17.0	18.0	19.0	20.0	21.0	22.0	23.0	24.0	25.0	26.0	27.0	28.0	29.0	30.0	31.0	32.0	33.0	34.0	35.0
209126_HY55YBGXT_TCDM_1_H12_X8_415_3_o_ACACGC_S96_trim1	5.0	60.0	394.0	1845.0	5339.0	10703.0	16713.0	24766.0	37916.0	59605.0	93094.0	121950.0	148189.0	185140.0	246537.0	361731.0	638155.0	1695967.0	4706431.0
	16.0	17.0	18.0	19.0	20.0	21.0	22.0	23.0	24.0	25.0	26.0	27.0	28.0	29.0	30.0	31.0	32.0	33.0	34.0	35.0
209127_HY5CNBGXT_TCDM_2_A01_X4_46_1_o_CAGCGT_S1_trim1	1.0	1.0	10.0	90.0	463.0	1382.0	3241.0	5963.0	10318.0	18046.0	30153.0	45448.0	61032.0	81862.0	108414.0	143793.0	202553.0	331250.0	794812.0	3073993.0
	17.0	18.0	19.0	20.0	21.0	22.0	23.0	24.0	25.0	26.0	27.0	28.0	29.0	30.0	31.0	32.0	33.0	34.0	35.0
209128_HY5CNBGXT_TCDM_2_B01_X8_415_2_i_GATCAC_S2_trim1	2.0	24.0	204.0	1057.0	3176.0	6748.0	10069.0	14598.0	22383.0	34784.0	53011.0	75050.0	102235.0	134828.0	178337.0	244165.0	383411.0	892185.0	4179176.0
	17.0	18.0	19.0	20.0	21.0	22.0	23.0	24.0	25.0	26.0	27.0	28.0	29.0	30.0	31.0	32.0	33.0	34.0	35.0
209129_HY5CNBGXT_TCDM_2_C01_X8_415_2_o_ACCAGT_S3_trim1	1.0	26.0	236.0	1282.0	4030.0	7999.0	12129.0	16317.0	24023.0	37320.0	54552.0	75541.0	101530.0	134244.0	177722.0	250275.0	415094.0	1016442.0	3629454.0
	17.0	18.0	19.0	20.0	21.0	22.0	23.0	24.0	25.0	26.0	27.0	28.0	29.0	30.0	31.0	32.0	33.0	34.0	35.0
209130_HY5CNBGXT_TCDM_2_D01_X4_46_3_o_TGCACG_S4_trim1	2.0	12.0	99.0	570.0	1766.0	4016.0	7498.0	13571.0	23393.0	38199.0	58954.0	83133.0	112544.0	146221.0	193422.0	268834.0	434924.0	1035392.0	3515772.0
	17.0	18.0	19.0	20.0	21.0	22.0	23.0	24.0	25.0	26.0	27.0	28.0	29.0	30.0	31.0	32.0	33.0	34.0	35.0
209131_HY5CNBGXT_TCDM_2_E01_X4_46_1_i_ACATTA_S5_trim1	12.0	99.0	790.0	4166.0	13004.0	24834.0	32571.0	35221.0	40542.0	52383.0	72061.0	98205.0	130492.0	169144.0	222376.0	307369.0	494491.0	1180222.0	4221088.0
	16.0	17.0	18.0	19.0	20.0	21.0	22.0	23.0	24.0	25.0	26.0	27.0	28.0	29.0	30.0	31.0	32.0	33.0	34.0	35.0
209132_HY5CNBGXT_TCDM_2_F01_C14_3_2_o_GTGTAG_S6_trim1	1.0	0.0	7.0	55.0	296.0	1056.0	2329.0	4391.0	8162.0	14529.0	25078.0	39130.0	57569.0	78743.0	105126.0	139113.0	195252.0	310752.0	714020.0	2957792.0
	17.0	18.0	19.0	20.0	21.0	22.0	23.0	24.0	25.0	26.0	27.0	28.0	29.0	30.0	31.0	32.0	33.0	34.0	35.0
209133_HY5CNBGXT_TCDM_2_G01_A03_3_1_o_CTAGTC_S7_trim1	2.0	15.0	95.0	520.0	1689.0	3538.0	5976.0	9306.0	15676.0	25406.0	37973.0	52786.0	71626.0	94708.0	125894.0	175960.0	282423.0	673906.0	2939626.0
	16.0	17.0	18.0	19.0	20.0	21.0	22.0	23.0	24.0	25.0	26.0	27.0	28.0	29.0	30.0	31.0	32.0	33.0	34.0	35.0
209134_HY5CNBGXT_TCDM_2_H01_A03_3_3_o_TGTGCA_S8_trim1	1.0	1.0	12.0	114.0	508.0	1692.0	3626.0	6509.0	11605.0	20286.0	34054.0	53175.0	76890.0	104695.0	138467.0	184459.0	264570.0	447752.0	1136099.0	3786908.0
	17.0	18.0	19.0	20.0	21.0	22.0	23.0	24.0	25.0	26.0	27.0	28.0	29.0	30.0	31.0	32.0	33.0	34.0	35.0
209135_HY5CNBGXT_TCDM_2_A02_X4_32_2_i_TCAGGA_S9_trim1	1.0	21.0	152.0	799.0	2541.0	5442.0	8707.0	13105.0	21099.0	34288.0	49425.0	68070.0	92698.0	122485.0	163822.0	230667.0	377004.0	903168.0	3648153.0
	17.0	18.0	19.0	20.0	21.0	22.0	23.0	24.0	25.0	26.0	27.0	28.0	29.0	30.0	31.0	32.0	33.0	34.0	35.0
209136_HY5CNBGXT_TCDM_2_B02_C14_3_2_i_CGGTTA_S10_trim1	3.0	17.0	78.0	439.0	1333.0	3080.0	5749.0	10066.0	17428.0	29556.0	46389.0	66622.0	90587.0	120253.0	159896.0	223534.0	364338.0	869909.0	3662283.0
	17.0	18.0	19.0	20.0	21.0	22.0	23.0	24.0	25.0	26.0	27.0	28.0	29.0	30.0	31.0	32.0	33.0	34.0	35.0
209137_HY5CNBGXT_TCDM_2_C02_X4_32_3_i_TTAACT_S11_trim1	5.0	33.0	241.0	1401.0	4232.0	8566.0	12050.0	14844.0	19660.0	28863.0	42297.0	59953.0	81006.0	105818.0	139883.0	196163.0	317723.0	757560.0	3203355.0
	17.0	18.0	19.0	20.0	21.0	22.0	23.0	24.0	25.0	26.0	27.0	28.0	29.0	30.0	31.0	32.0	33.0	34.0	35.0
209138_HY5CNBGXT_TCDM_2_D02_X4_32_3_o_ATGAAC_S12_trim1	3.0	54.0	425.0	2086.0	6677.0	12841.0	17327.0	19997.0	24741.0	34319.0	49418.0	68251.0	91967.0	119725.0	159237.0	223459.0	367239.0	874316.0	3243754.0
	18.0	19.0	20.0	21.0	22.0	23.0	24.0	25.0	26.0	27.0	28.0	29.0	30.0	31.0	32.0	33.0	34.0	35.0
209139_HY5CNBGXT_TCDM_2_E02_A04_3_2_o_CCTAAG_S13_trim1	8.0	91.0	504.0	1581.0	3241.0	4492.0	5400.0	7021.0	10115.0	14422.0	20271.0	27307.0	36002.0	46996.0	64267.0	100758.0	230885.0	1070743.0
	18.0	19.0	20.0	21.0	22.0	23.0	24.0	25.0	26.0	27.0	28.0	29.0	30.0	31.0	32.0	33.0	34.0	35.0
209140_HY5CNBGXT_TCDM_2_F02_X4_32_1_i_CCGACC_S14_trim1	7.0	97.0	543.0	1851.0	4059.0	6958.0	10592.0	16893.0	26648.0	40104.0	57599.0	77878.0	103257.0	138196.0	193596.0	312376.0	743549.0	3007367.0
	17.0	18.0	19.0	20.0	21.0	22.0	23.0	24.0	25.0	26.0	27.0	28.0	29.0	30.0	31.0	32.0	33.0	34.0	35.0
209141_HY5CNBGXT_TCDM_2_G02_A04_3_2_i_GGCTGC_S15_trim1	1.0	6.0	42.0	254.0	856.0	2075.0	4141.0	8165.0	15231.0	26362.0	40738.0	57842.0	79483.0	104703.0	138720.0	191923.0	302080.0	693540.0	2999102.0
	17.0	18.0	19.0	20.0	21.0	22.0	23.0	24.0	25.0	26.0	27.0	28.0	29.0	30.0	31.0	32.0	33.0	34.0	35.0
209142_HY5CNBGXT_TCDM_2_H02_A04_3_1_o_TACCTT_S16_trim1	2.0	16.0	170.0	905.0	2918.0	5783.0	8762.0	12460.0	18650.0	29331.0	44375.0	61058.0	83027.0	108838.0	144981.0	200566.0	318069.0	744321.0	3512140.0
	17.0	18.0	19.0	20.0	21.0	22.0	23.0	24.0	25.0	26.0	27.0	28.0	29.0	30.0	31.0	32.0	33.0	34.0	35.0
209143_HY5CNBGXT_TCDM_2_A03_C14_3_3_o_TCTTAA_S17_trim1	1.0	26.0	241.0	1186.0	3827.0	7463.0	10505.0	13097.0	18166.0	28288.0	42040.0	59950.0	81661.0	107888.0	143494.0	200330.0	327357.0	784494.0	3272827.0
	17.0	18.0	19.0	20.0	21.0	22.0	23.0	24.0	25.0	26.0	27.0	28.0	29.0	30.0	31.0	32.0	33.0	34.0	35.0
209144_HY5CNBGXT_TCDM_2_B03_C14_3_1_i_GTCAGG_S18_trim1	1.0	7.0	68.0	363.0	1094.0	2413.0	4693.0	8179.0	14515.0	24932.0	39209.0	56436.0	76359.0	101495.0	134652.0	188060.0	298075.0	701619.0	3283989.0
	17.0	18.0	19.0	20.0	21.0	22.0	23.0	24.0	25.0	26.0	27.0	28.0	29.0	30.0	31.0	32.0	33.0	34.0	35.0
209145_HY5CNBGXT_TCDM_2_C03_A04_3_3_o_ATACTG_S19_trim1	1.0	12.0	71.0	451.0	1350.0	2677.0	3770.0	4482.0	5767.0	8320.0	11730.0	16372.0	21810.0	29121.0	37669.0	50857.0	75522.0	165874.0	905989.0
	18.0	19.0	20.0	21.0	22.0	23.0	24.0	25.0	26.0	27.0	28.0	29.0	30.0	31.0	32.0	33.0	34.0	35.0
209146_HY5CNBGXT_TCDM_2_D03_A27_3_3_i_TATGTC_S20_trim1	7.0	94.0	499.0	1664.0	3641.0	6085.0	9650.0	15837.0	26775.0	40309.0	55875.0	75905.0	101734.0	135812.0	190413.0	307190.0	739341.0	3325218.0
	18.0	19.0	20.0	21.0	22.0	23.0	24.0	25.0	26.0	27.0	28.0	29.0	30.0	31.0	32.0	33.0	34.0	35.0
209147_HY5CNBGXT_TCDM_2_E03_C14_3_3_i_GAGTCC_S21_trim1	1.0	17.0	45.0	183.0	346.0	536.0	766.0	1083.0	1536.0	2011.0	2604.0	2929.0	3282.0	4011.0	5539.0	8878.0	20307.0	77971.0
	17.0	18.0	19.0	20.0	21.0	22.0	23.0	24.0	25.0	26.0	27.0	28.0	29.0	30.0	31.0	32.0	33.0	34.0	35.0
209148_HY5CNBGXT_TCDM_2_F03_A03_3_1_i_GGAGGT_S22_trim1	1.0	6.0	45.0	168.0	618.0	1455.0	2731.0	4925.0	8763.0	14624.0	22158.0	30954.0	40701.0	53716.0	70864.0	99974.0	165074.0	401227.0	1456435.0
	18.0	19.0	20.0	21.0	22.0	23.0	24.0	25.0	26.0	27.0	28.0	29.0	30.0	31.0	32.0	33.0	34.0	35.0
209149_HY5CNBGXT_TCDM_2_G03_A03_3_3_i_CACACT_S23_trim1	36.0	278.0	1445.0	4674.0	8790.0	11557.0	12664.0	14267.0	18820.0	24825.0	32575.0	42268.0	54794.0	71116.0	99120.0	159385.0	377363.0	1533077.0
	17.0	18.0	19.0	20.0	21.0	22.0	23.0	24.0	25.0	26.0	27.0	28.0	29.0	30.0	31.0	32.0	33.0	34.0	35.0
209150_HY5CNBGXT_TCDM_2_H03_X4_32_1_o_CCGCAA_S24_trim1	3.0	33.0	226.0	1278.0	4186.0	8587.0	12454.0	16676.0	23310.0	34681.0	50857.0	69819.0	93184.0	121097.0	159010.0	220931.0	352358.0	830045.0	3241395.0
	17.0	18.0	19.0	20.0	21.0	22.0	23.0	24.0	25.0	26.0	27.0	28.0	29.0	30.0	31.0	32.0	33.0	34.0	35.0
209151_HY5CNBGXT_TCDM_2_A04_A04_3_3_i_TTTATG_S25_trim1	2.0	16.0	116.0	532.0	1861.0	3807.0	6459.0	10049.0	16464.0	27009.0	41928.0	60558.0	83133.0	111609.0	148855.0	209970.0	334966.0	797347.0	3674437.0
	18.0	19.0	20.0	21.0	22.0	23.0	24.0	25.0	26.0	27.0	28.0	29.0	30.0	31.0	32.0	33.0	34.0	35.0
209152_HY5CNBGXT_TCDM_2_B04_X4_32_2_o_AACGCC_S26_trim1	9.0	56.0	297.0	883.0	1694.0	2146.0	2223.0	2022.0	1932.0	1946.0	1685.0	1495.0	1507.0	1524.0	1917.0	2713.0	5246.0	17587.0
	15.0	16.0	17.0	18.0	19.0	20.0	21.0	22.0	23.0	24.0	25.0	26.0	27.0	28.0	29.0	30.0	31.0	32.0	33.0	34.0	35.0
209153_HY5CNBGXT_TCDM_2_C04_A27_3_1_o_CAAGCA_S27_trim1	1.0	0.0	6.0	46.0	363.0	2234.0	7105.0	13633.0	17788.0	19692.0	23078.0	31476.0	44502.0	61757.0	82616.0	108782.0	143114.0	200317.0	320451.0	764768.0	3455029.0
	16.0	17.0	18.0	19.0	20.0	21.0	22.0	23.0	24.0	25.0	26.0	27.0	28.0	29.0	30.0	31.0	32.0	33.0	34.0	35.0
209154_HY5CNBGXT_TCDM_2_D04_A27_3_3_o_GCTCGA_S28_trim1	1.0	2.0	8.0	67.0	394.0	1312.0	2881.0	5166.0	8852.0	15609.0	26501.0	40069.0	58007.0	79008.0	105854.0	141706.0	198844.0	320194.0	764754.0	3391778.0
	16.0	17.0	18.0	19.0	20.0	21.0	22.0	23.0	24.0	25.0	26.0	27.0	28.0	29.0	30.0	31.0	32.0	33.0	34.0	35.0
209155_HY5CNBGXT_TCDM_2_E04_A27_3_2_o_GCGAAT_S29_trim1	1.0	1.0	16.0	146.0	747.0	2538.0	5343.0	8433.0	12781.0	20246.0	32295.0	50096.0	71417.0	97405.0	129878.0	174694.0	244659.0	399202.0	968948.0	3987128.0
	17.0	18.0	19.0	20.0	21.0	22.0	23.0	24.0	25.0	26.0	27.0	28.0	29.0	30.0	31.0	32.0	33.0	34.0	35.0
209156_HY5CNBGXT_TCDM_2_F04_X5_66_3_o_TGGATT_S30_trim1	2.0	6.0	98.0	507.0	1478.0	3397.0	5883.0	10251.0	18364.0	31264.0	49034.0	69973.0	95511.0	127511.0	170425.0	239623.0	382150.0	906792.0	4219824.0
	17.0	18.0	19.0	20.0	21.0	22.0	23.0	24.0	25.0	26.0	27.0	28.0	29.0	30.0	31.0	32.0	33.0	34.0	35.0
209157_HY5CNBGXT_TCDM_2_G04_C17_3_1_i_ACCTAC_S31_trim1	1.0	30.0	262.0	1350.0	4309.0	8821.0	12626.0	16714.0	23389.0	34319.0	50184.0	70513.0	94521.0	123125.0	163909.0	230372.0	382283.0	931019.0	3332463.0
	17.0	18.0	19.0	20.0	21.0	22.0	23.0	24.0	25.0	26.0	27.0	28.0	29.0	30.0	31.0	32.0	33.0	34.0	35.0
209158_HY5CNBGXT_TCDM_2_H04_C17_3_1_o_CGAAGG_S32_trim1	2.0	23.0	118.0	760.0	2378.0	5322.0	8964.0	14180.0	23515.0	38309.0	59262.0	83796.0	113286.0	149116.0	198493.0	277000.0	446329.0	1060750.0	4469123.0
	18.0	19.0	20.0	21.0	22.0	23.0	24.0	25.0	26.0	27.0	28.0	29.0	30.0	31.0	32.0	33.0	34.0	35.0
209159_HY5CNBGXT_TCDM_2_A05_C17_3_2_i_AGATAG_S33_trim1	18.0	177.0	894.0	2894.0	6101.0	8813.0	12062.0	17606.0	27728.0	41574.0	59883.0	81418.0	107947.0	143093.0	201564.0	328141.0	794251.0	3391583.0
	16.0	17.0	18.0	19.0	20.0	21.0	22.0	23.0	24.0	25.0	26.0	27.0	28.0	29.0	30.0	31.0	32.0	33.0	34.0	35.0
209160_HY5CNBGXT_TCDM_2_B05_C17_3_2_o_TTGGTA_S34_trim1	1.0	4.0	11.0	67.0	371.0	1262.0	2851.0	5321.0	9274.0	16372.0	27112.0	42939.0	62353.0	83974.0	112463.0	151495.0	215227.0	357512.0	880323.0	3440602.0
	17.0	18.0	19.0	20.0	21.0	22.0	23.0	24.0	25.0	26.0	27.0	28.0	29.0	30.0	31.0	32.0	33.0	34.0	35.0
209161_HY5CNBGXT_TCDM_2_C05_X5_66_2_i_GTTACC_S35_trim1	4.0	11.0	94.0	478.0	1583.0	3333.0	6016.0	9906.0	17009.0	27250.0	41961.0	59999.0	82127.0	109276.0	145766.0	206418.0	339003.0	809808.0	3141658.0
	17.0	18.0	19.0	20.0	21.0	22.0	23.0	24.0	25.0	26.0	27.0	28.0	29.0	30.0	31.0	32.0	33.0	34.0	35.0
209162_HY5CNBGXT_TCDM_2_D05_X5_66_1_i_CGCAAC_S36_trim1	5.0	24.0	229.0	1206.0	3862.0	8155.0	11926.0	15752.0	22478.0	33505.0	48861.0	67700.0	91510.0	121594.0	162671.0	229889.0	378409.0	901559.0	3214976.0
	17.0	18.0	19.0	20.0	21.0	22.0	23.0	24.0	25.0	26.0	27.0	28.0	29.0	30.0	31.0	32.0	33.0	34.0	35.0
209163_HY5CNBGXT_TCDM_2_E05_C17_3_3_o_TGGCGA_S37_trim1	1.0	9.0	51.0	219.0	810.0	1982.0	3763.0	7206.0	13380.0	23020.0	36010.0	51701.0	71311.0	95419.0	127530.0	179251.0	289220.0	688708.0	2933087.0
	17.0	18.0	19.0	20.0	21.0	22.0	23.0	24.0	25.0	26.0	27.0	28.0	29.0	30.0	31.0	32.0	33.0	34.0	35.0
209164_HY5CNBGXT_TCDM_2_F05_A03_3_2_o_ACCGTG_S38_trim1	4.0	13.0	92.0	396.0	1325.0	2933.0	5543.0	9224.0	15936.0	26915.0	41392.0	59401.0	81221.0	108264.0	143974.0	203459.0	329329.0	794996.0	3307578.0
	16.0	17.0	18.0	19.0	20.0	21.0	22.0	23.0	24.0	25.0	26.0	27.0	28.0	29.0	30.0	31.0	32.0	33.0	34.0	35.0
209165_HY5CNBGXT_TCDM_2_G05_X5_66_3_i_CAACAG_S39_trim1	1.0	3.0	54.0	430.0	2353.0	7615.0	14800.0	18947.0	19989.0	22587.0	29645.0	40589.0	55351.0	73574.0	95827.0	127970.0	180014.0	291415.0	702363.0	3002942.0
	18.0	19.0	20.0	21.0	22.0	23.0	24.0	25.0	26.0	27.0	28.0	29.0	30.0	31.0	32.0	33.0	34.0	35.0
209166_HY5CNBGXT_TCDM_2_H05_X5_66_1_o_GATTGT_S40_trim1	2.0	44.0	189.0	660.0	1311.0	2147.0	3166.0	4759.0	7543.0	11434.0	15198.0	19315.0	25234.0	33427.0	46586.0	75375.0	175947.0	727841.0
	18.0	19.0	20.0	21.0	22.0	23.0	24.0	25.0	26.0	27.0	28.0	29.0	30.0	31.0	32.0	33.0	34.0	35.0
209167_HY5CNBGXT_TCDM_2_A06_X5_66_2_o_CTCTCG_S41_trim1	9.0	82.0	442.0	1403.0	3098.0	5637.0	9765.0	16956.0	28301.0	44027.0	63353.0	87002.0	116187.0	154690.0	218116.0	357541.0	868979.0	3445724.0
	17.0	18.0	19.0	20.0	21.0	22.0	23.0	24.0	25.0	26.0	27.0	28.0	29.0	30.0	31.0	32.0	33.0	34.0	35.0
209168_HY5CNBGXT_TCDM_2_B06_A27_3_2_i_TGACAC_S42_trim1	3.0	29.0	156.0	932.0	2826.0	5855.0	8980.0	13038.0	19563.0	29492.0	43756.0	60809.0	82003.0	107951.0	143571.0	201374.0	329450.0	781112.0	2669579.0
	17.0	18.0	19.0	20.0	21.0	22.0	23.0	24.0	25.0	26.0	27.0	28.0	29.0	30.0	31.0	32.0	33.0	34.0	35.0
209169_HY5CNBGXT_TCDM_2_C06_C64_3_1_o_AAGACA_S43_trim1	6.0	86.0	824.0	4730.0	14538.0	27509.0	33239.0	31967.0	30482.0	34839.0	45657.0	60141.0	80273.0	104756.0	138208.0	195436.0	318595.0	773195.0	3112958.0
	16.0	17.0	18.0	19.0	20.0	21.0	22.0	23.0	24.0	25.0	26.0	27.0	28.0	29.0	30.0	31.0	32.0	33.0	34.0	35.0
209170_HY5CNBGXT_TCDM_2_D06_X9_35_2_i_ACAGAT_S44_trim1	2.0	7.0	46.0	469.0	2467.0	7840.0	15228.0	19771.0	22045.0	26342.0	35591.0	50608.0	70268.0	94800.0	124511.0	165195.0	233783.0	382296.0	915081.0	3491434.0
	18.0	19.0	20.0	21.0	22.0	23.0	24.0	25.0	26.0	27.0	28.0	29.0	30.0	31.0	32.0	33.0	34.0	35.0
209171_HY5CNBGXT_TCDM_2_E06_C64_3_1_i_TAGGCT_S45_trim1	7.0	90.0	371.0	1269.0	3086.0	5704.0	10572.0	18896.0	31949.0	49046.0	70851.0	96838.0	128656.0	172800.0	243958.0	402142.0	968550.0	3584077.0
	17.0	18.0	19.0	20.0	21.0	22.0	23.0	24.0	25.0	26.0	27.0	28.0	29.0	30.0	31.0	32.0	33.0	34.0	35.0
209172_HY5CNBGXT_TCDM_2_F06_C14_3_1_o_CTCCAT_S46_trim1	4.0	15.0	178.0	1026.0	3103.0	6469.0	9888.0	13912.0	21023.0	32955.0	49556.0	70262.0	94841.0	126707.0	168848.0	239168.0	390781.0	940233.0	3602112.0
	18.0	19.0	20.0	21.0	22.0	23.0	24.0	25.0	26.0	27.0	28.0	29.0	30.0	31.0	32.0	33.0	34.0	35.0
209173_HY5CNBGXT_TCDM_2_G06_X9_35_2_o_GCATGG_S47_trim1	15.0	80.0	330.0	1084.0	2705.0	5070.0	9284.0	16275.0	27382.0	43349.0	62952.0	86517.0	115229.0	154896.0	218643.0	359198.0	867272.0	3365866.0
	16.0	17.0	18.0	19.0	20.0	21.0	22.0	23.0	24.0	25.0	26.0	27.0	28.0	29.0	30.0	31.0	32.0	33.0	34.0	35.0
209174_HY5CNBGXT_TCDM_2_H06_C64_3_2_o_AATAGC_S48_trim1	1.0	6.0	37.0	395.0	2234.0	7229.0	13797.0	18556.0	21242.0	26454.0	37269.0	54103.0	75415.0	100692.0	132551.0	175820.0	246229.0	397114.0	949480.0	4005372.0
	17.0	18.0	19.0	20.0	21.0	22.0	23.0	24.0	25.0	26.0	27.0	28.0	29.0	30.0	31.0	32.0	33.0	34.0	35.0
209175_HY5CNBGXT_TCDM_2_A07_X9_35_1_i_GTGCCA_S49_trim1	1.0	8.0	68.0	321.0	1050.0	2473.0	4434.0	8058.0	14281.0	23982.0	36970.0	53064.0	71959.0	95527.0	124845.0	173430.0	276210.0	643342.0	2889511.0
	15.0	16.0	17.0	18.0	19.0	20.0	21.0	22.0	23.0	24.0	25.0	26.0	27.0	28.0	29.0	30.0	31.0	32.0	33.0	34.0	35.0
209176_HY5CNBGXT_TCDM_2_B07_C64_3_3_i_TCGAGG_S50_trim1	1.0	0.0	0.0	12.0	67.0	405.0	1261.0	2824.0	5025.0	8607.0	15189.0	26147.0	37698.0	50932.0	69842.0	92035.0	121210.0	169101.0	270925.0	641041.0	2743053.0
	17.0	18.0	19.0	20.0	21.0	22.0	23.0	24.0	25.0	26.0	27.0	28.0	29.0	30.0	31.0	32.0	33.0	34.0	35.0
209177_HY5CNBGXT_TCDM_2_C07_C17_3_3_i_CACTAA_S51_trim1	7.0	59.0	611.0	3242.0	10515.0	19939.0	25265.0	25562.0	27205.0	34048.0	46267.0	61857.0	80895.0	105615.0	137655.0	192240.0	311507.0	744041.0	3006133.0
	17.0	18.0	19.0	20.0	21.0	22.0	23.0	24.0	25.0	26.0	27.0	28.0	29.0	30.0	31.0	32.0	33.0	34.0	35.0
209178_HY5CNBGXT_TCDM_2_D07_X9_35_1_o_GGTATA_S52_trim1	1.0	8.0	54.0	331.0	1033.0	2062.0	3050.0	3966.0	5749.0	8630.0	13262.0	18588.0	25293.0	33310.0	44142.0	60330.0	95378.0	221100.0	1006064.0
	18.0	19.0	20.0	21.0	22.0	23.0	24.0	25.0	26.0	27.0	28.0	29.0	30.0	31.0	32.0	33.0	34.0	35.0
209179_HY5CNBGXT_TCDM_2_E07_X2_24_3_i_CGCCTG_S53_trim1	20.0	92.0	467.0	1568.0	3451.0	6782.0	12421.0	21453.0	34486.0	51961.0	72437.0	98912.0	129401.0	171687.0	242890.0	398518.0	944935.0	3017155.0
	17.0	18.0	19.0	20.0	21.0	22.0	23.0	24.0	25.0	26.0	27.0	28.0	29.0	30.0	31.0	32.0	33.0	34.0	35.0
209180_HY5CNBGXT_TCDM_2_F07_X2_24_2_o_AATGAA_S54_trim1	5.0	105.0	792.0	4451.0	14122.0	26743.0	33176.0	32257.0	31915.0	38949.0	51794.0	69788.0	92783.0	120243.0	158664.0	225653.0	378759.0	942414.0	3075619.0
	17.0	18.0	19.0	20.0	21.0	22.0	23.0	24.0	25.0	26.0	27.0	28.0	29.0	30.0	31.0	32.0	33.0	34.0	35.0
209181_HY5CNBGXT_TCDM_2_G07_X2_24_1_o_ACAACG_S55_trim1	4.0	57.0	554.0	2934.0	9076.0	17263.0	23264.0	26103.0	32199.0	43918.0	62062.0	85306.0	112925.0	148092.0	196132.0	275476.0	450039.0	1080949.0	3909855.0
	17.0	18.0	19.0	20.0	21.0	22.0	23.0	24.0	25.0	26.0	27.0	28.0	29.0	30.0	31.0	32.0	33.0	34.0	35.0
209182_HY5CNBGXT_TCDM_2_H07_X10_39_2_i_ATATCC_S56_trim1	2.0	18.0	243.0	1374.0	4247.0	8505.0	12434.0	15914.0	22470.0	33532.0	48767.0	69090.0	93055.0	123958.0	164767.0	235348.0	390839.0	956317.0	3393557.0
	16.0	17.0	18.0	19.0	20.0	21.0	22.0	23.0	24.0	25.0	26.0	27.0	28.0	29.0	30.0	31.0	32.0	33.0	34.0	35.0
209183_HY5CNBGXT_TCDM_2_A08_X2_24_3_o_AGTACT_S57_trim1	2.0	3.0	39.0	271.0	1420.0	4590.0	9363.0	14329.0	20257.0	30404.0	47800.0	72009.0	101337.0	138079.0	182133.0	243087.0	344284.0	572484.0	1407877.0	5090742.0
	16.0	17.0	18.0	19.0	20.0	21.0	22.0	23.0	24.0	25.0	26.0	27.0	28.0	29.0	30.0	31.0	32.0	33.0	34.0	35.0
209184_HY5CNBGXT_TCDM_2_B08_X2_24_2_i_ATAAGA_S58_trim1	1.0	8.0	74.0	824.0	4481.0	14009.0	26192.0	32725.0	32859.0	33566.0	39838.0	51303.0	66026.0	86878.0	112491.0	147909.0	210758.0	347232.0	837450.0	2604666.0
	16.0	17.0	18.0	19.0	20.0	21.0	22.0	23.0	24.0	25.0	26.0	27.0	28.0	29.0	30.0	31.0	32.0	33.0	34.0	35.0
209185_HY5CNBGXT_TCDM_2_C08_X10_39_3_o_GGTGAG_S59_trim1	1.0	1.0	6.0	64.0	273.0	876.0	2137.0	4510.0	8530.0	15955.0	26606.0	41570.0	59445.0	82203.0	109059.0	146552.0	207428.0	341486.0	828266.0	3155226.0
	18.0	19.0	20.0	21.0	22.0	23.0	24.0	25.0	26.0	27.0	28.0	29.0	30.0	31.0	32.0	33.0	34.0	35.0
209186_HY5CNBGXT_TCDM_2_D08_X10_39_2_o_TTCCGC_S60_trim1	10.0	85.0	471.0	1462.0	3327.0	5974.0	10227.0	18072.0	30282.0	46822.0	66975.0	91517.0	122847.0	164125.0	231445.0	377868.0	908735.0	3460625.0
	17.0	18.0	19.0	20.0	21.0	22.0	23.0	24.0	25.0	26.0	27.0	28.0	29.0	30.0	31.0	32.0	33.0	34.0	35.0
209187_HY5CNBGXT_TCDM_2_E08_X2_24_1_i_GAAGTG_S61_trim1	4.0	8.0	71.0	495.0	1531.0	3384.0	5988.0	10208.0	17761.0	30370.0	46537.0	67223.0	92860.0	124714.0	167113.0	237419.0	389822.0	926530.0	3451386.0
	16.0	17.0	18.0	19.0	20.0	21.0	22.0	23.0	24.0	25.0	26.0	27.0	28.0	29.0	30.0	31.0	32.0	33.0	34.0	35.0
209188_HY5CNBGXT_TCDM_2_F08_X10_39_3_i_CAATGC_S62_trim1	1.0	0.0	21.0	191.0	975.0	3218.0	6628.0	10317.0	14794.0	22759.0	34339.0	50718.0	70310.0	94422.0	124638.0	165156.0	233964.0	381009.0	898312.0	3056411.0
	17.0	18.0	19.0	20.0	21.0	22.0	23.0	24.0	25.0	26.0	27.0	28.0	29.0	30.0	31.0	32.0	33.0	34.0	35.0
209189_HY5CNBGXT_TCDM_2_G08_X5_36_3_i_ACGTCT_S63_trim1	2.0	15.0	105.0	591.0	1896.0	4255.0	7368.0	12050.0	19881.0	32542.0	49905.0	71192.0	96344.0	128137.0	170023.0	240971.0	400515.0	973228.0	3616754.0
	17.0	18.0	19.0	20.0	21.0	22.0	23.0	24.0	25.0	26.0	27.0	28.0	29.0	30.0	31.0	32.0	33.0	34.0	35.0
209190_HY5CNBGXT_TCDM_2_H08_C64_4_2_i_CAGGAC_S64_trim1	1.0	10.0	143.0	784.0	2683.0	5520.0	9542.0	14919.0	24121.0	38945.0	58277.0	82685.0	112386.0	148104.0	197625.0	278346.0	461929.0	1124598.0	4024068.0
	17.0	18.0	19.0	20.0	21.0	22.0	23.0	24.0	25.0	26.0	27.0	28.0	29.0	30.0	31.0	32.0	33.0	34.0	35.0
209191_HY5CNBGXT_TCDM_2_A09_C64_4_3_i_AAGCTC_S65_trim1	2.0	19.0	224.0	1316.0	3898.0	8050.0	11748.0	15880.0	22792.0	34549.0	51131.0	70865.0	95495.0	125560.0	167442.0	236847.0	394665.0	974249.0	3467921.0
	17.0	18.0	19.0	20.0	21.0	22.0	23.0	24.0	25.0	26.0	27.0	28.0	29.0	30.0	31.0	32.0	33.0	34.0	35.0
209192_HY5CNBGXT_TCDM_2_B09_X5_36_2_i_GACGAT_S66_trim1	1.0	24.0	200.0	942.0	2985.0	6176.0	9916.0	15294.0	24324.0	37744.0	56606.0	79855.0	108940.0	143435.0	189936.0	266869.0	441251.0	1080972.0	3840632.0
	16.0	17.0	18.0	19.0	20.0	21.0	22.0	23.0	24.0	25.0	26.0	27.0	28.0	29.0	30.0	31.0	32.0	33.0	34.0	35.0
209193_HY5CNBGXT_TCDM_2_C09_C64_4_1_i_TCGTTC_S67_trim1	1.0	5.0	43.0	322.0	1255.0	3142.0	6326.0	11127.0	18627.0	27558.0	39602.0	54333.0	71569.0	93410.0	122760.0	165516.0	239695.0	411048.0	993742.0	2369092.0
	17.0	18.0	19.0	20.0	21.0	22.0	23.0	24.0	25.0	26.0	27.0	28.0	29.0	30.0	31.0	32.0	33.0	34.0	35.0
209194_HY5CNBGXT_TCDM_2_D09_C14_4_3_o_CCAATT_S68_trim1	5.0	51.0	450.0	2117.0	6620.0	13207.0	18788.0	23577.0	32171.0	45877.0	66348.0	90427.0	120982.0	157346.0	208753.0	295137.0	485938.0	1180232.0	3988908.0
	17.0	18.0	19.0	20.0	21.0	22.0	23.0	24.0	25.0	26.0	27.0	28.0	29.0	30.0	31.0	32.0	33.0	34.0	35.0
209195_HY5CNBGXT_TCDM_2_E09_C64_4_2_o_AGTTGA_S69_trim1	3.0	20.0	181.0	895.0	2798.0	5843.0	9459.0	14416.0	22980.0	37571.0	56098.0	77150.0	104450.0	138794.0	184666.0	261882.0	435164.0	1071292.0	4118567.0
	17.0	18.0	19.0	20.0	21.0	22.0	23.0	24.0	25.0	26.0	27.0	28.0	29.0	30.0	31.0	32.0	33.0	34.0	35.0
209196_HY5CNBGXT_TCDM_2_F09_C64_4_1_o_AACCGA_S70_trim1	5.0	45.0	408.0	2197.0	6978.0	13503.0	18116.0	21191.0	26578.0	37347.0	49237.0	62884.0	82601.0	107501.0	142534.0	199874.0	333531.0	820991.0	2667619.0
	18.0	19.0	20.0	21.0	22.0	23.0	24.0	25.0	26.0	27.0	28.0	29.0	30.0	31.0	32.0	33.0	34.0	35.0
209197_HY5CNBGXT_TCDM_2_G09_X5_36_1_i_CAGATG_S71_trim1	18.0	168.0	796.0	2438.0	5186.0	8224.0	11915.0	18644.0	29312.0	43858.0	60923.0	81944.0	106762.0	140153.0	197898.0	330529.0	812572.0	2788528.0
	17.0	18.0	19.0	20.0	21.0	22.0	23.0	24.0	25.0	26.0	27.0	28.0	29.0	30.0	31.0	32.0	33.0	34.0	35.0
209198_HY5CNBGXT_TCDM_2_H09_X5_36_2_o_GTAGAA_S72_trim1	5.0	30.0	228.0	1239.0	4118.0	8414.0	12672.0	17628.0	26091.0	39977.0	59008.0	81996.0	109292.0	142746.0	188677.0	266407.0	441100.0	1075217.0	3949145.0
	17.0	18.0	19.0	20.0	21.0	22.0	23.0	24.0	25.0	26.0	27.0	28.0	29.0	30.0	31.0	32.0	33.0	34.0	35.0
209199_HY5CNBGXT_TCDM_2_A10_A03_4_2_i_GACATC_S73_trim1	1.0	24.0	188.0	1158.0	3534.0	7273.0	11132.0	15658.0	22774.0	34808.0	51655.0	73426.0	99126.0	129991.0	170518.0	238909.0	388192.0	938042.0	3702159.0
	17.0	18.0	19.0	20.0	21.0	22.0	23.0	24.0	25.0	26.0	27.0	28.0	29.0	30.0	31.0	32.0	33.0	34.0	35.0
209200_HY5CNBGXT_TCDM_2_B10_A03_4_3_o_CGATCT_S74_trim1	4.0	19.0	122.0	637.0	2195.0	4527.0	7491.0	11350.0	18065.0	28577.0	43396.0	62120.0	83698.0	110065.0	144867.0	205240.0	341430.0	836370.0	2909194.0
	17.0	18.0	19.0	20.0	21.0	22.0	23.0	24.0	25.0	26.0	27.0	28.0	29.0	30.0	31.0	32.0	33.0	34.0	35.0
209201_HY5CNBGXT_TCDM_2_C10_A27_4_1_i_CGTCGC_S75_trim1	1.0	8.0	75.0	432.0	1386.0	3277.0	5837.0	10547.0	18650.0	31866.0	46359.0	61721.0	84099.0	110620.0	147514.0	207153.0	344134.0	834914.0	2736649.0
	17.0	18.0	19.0	20.0	21.0	22.0	23.0	24.0	25.0	26.0	27.0	28.0	29.0	30.0	31.0	32.0	33.0	34.0	35.0
209202_HY5CNBGXT_TCDM_2_D10_A27_4_1_o_ATGGCG_S76_trim1	1.0	5.0	27.0	148.0	524.0	1210.0	2133.0	3653.0	6237.0	10094.0	15457.0	20701.0	27353.0	35677.0	47019.0	68409.0	118924.0	284657.0	785553.0
	17.0	18.0	19.0	20.0	21.0	22.0	23.0	24.0	25.0	26.0	27.0	28.0	29.0	30.0	31.0	32.0	33.0	34.0	35.0
209203_HY5CNBGXT_TCDM_2_E10_A27_4_2_o_ATTGGT_S77_trim1	1.0	21.0	109.0	533.0	1896.0	4202.0	7999.0	14002.0	23906.0	39377.0	60790.0	83818.0	110307.0	144682.0	193963.0	275823.0	463500.0	1157535.0	4064703.0
	17.0	18.0	19.0	20.0	21.0	22.0	23.0	24.0	25.0	26.0	27.0	28.0	29.0	30.0	31.0	32.0	33.0	34.0	35.0
209204_HY5CNBGXT_TCDM_2_F10_X4_24_1_o_GCCACA_S78_trim1	5.0	37.0	246.0	1319.0	4361.0	9030.0	13380.0	18719.0	26709.0	40170.0	59041.0	82137.0	108936.0	141950.0	186323.0	260566.0	432181.0	1052633.0	3536482.0
	17.0	18.0	19.0	20.0	21.0	22.0	23.0	24.0	25.0	26.0	27.0	28.0	29.0	30.0	31.0	32.0	33.0	34.0	35.0
209205_HY5CNBGXT_TCDM_2_G10_A27_4_2_i_CATCTA_S79_trim1	3.0	49.0	389.0	2049.0	6475.0	12759.0	17534.0	21683.0	28521.0	41807.0	60529.0	82741.0	108975.0	141945.0	188945.0	267518.0	446009.0	1105156.0	4040507.0
	16.0	17.0	18.0	19.0	20.0	21.0	22.0	23.0	24.0	25.0	26.0	27.0	28.0	29.0	30.0	31.0	32.0	33.0	34.0	35.0
209206_HY5CNBGXT_TCDM_2_H10_A27_4_3_i_AACAAG_S80_trim1	1.0	11.0	91.0	1096.0	5646.0	17861.0	33278.0	41700.0	41069.0	41254.0	48205.0	64051.0	85031.0	113005.0	146050.0	191973.0	267876.0	438244.0	1084000.0	3809858.0
	17.0	18.0	19.0	20.0	21.0	22.0	23.0	24.0	25.0	26.0	27.0	28.0	29.0	30.0	31.0	32.0	33.0	34.0	35.0
209207_HY5CNBGXT_TCDM_2_A11_X4_24_2_o_GCAGCC_S81_trim1	3.0	6.0	75.0	448.0	1540.0	3452.0	6132.0	10848.0	18534.0	30701.0	46476.0	66181.0	89699.0	119437.0	158909.0	222793.0	356970.0	850596.0	3675996.0
	18.0	19.0	20.0	21.0	22.0	23.0	24.0	25.0	26.0	27.0	28.0	29.0	30.0	31.0	32.0	33.0	34.0	35.0
209208_HY5CNBGXT_TCDM_2_B11_X4_24_1_i_ACTCTT_S82_trim1	16.0	144.0	743.0	2547.0	5080.0	7757.0	11184.0	16866.0	27233.0	42118.0	60929.0	83257.0	110838.0	147643.0	205121.0	326807.0	777372.0	3939344.0
	18.0	19.0	20.0	21.0	22.0	23.0	24.0	25.0	26.0	27.0	28.0	29.0	30.0	31.0	32.0	33.0	34.0	35.0
209209_HY5CNBGXT_TCDM_2_C11_X5_36_3_o_TGCTAT_S83_trim1	1.0	16.0	77.0	257.0	470.0	633.0	701.0	650.0	752.0	872.0	985.0	1092.0	1321.0	1596.0	2012.0	3127.0	7160.0	23437.0
	18.0	19.0	20.0	21.0	22.0	23.0	24.0	25.0	26.0	27.0	28.0	29.0	30.0	31.0	32.0	33.0	34.0	35.0
209210_HY5CNBGXT_TCDM_2_D11_X4_24_2_i_AAGTGG_S84_trim1	9.0	71.0	385.0	1287.0	2851.0	5144.0	8595.0	14936.0	25303.0	38488.0	54166.0	74054.0	97288.0	129387.0	182356.0	296016.0	716336.0	2990591.0
	16.0	17.0	18.0	19.0	20.0	21.0	22.0	23.0	24.0	25.0	26.0	27.0	28.0	29.0	30.0	31.0	32.0	33.0	34.0	35.0
209211_HY5CNBGXT_TCDM_2_E11_X4_24_3_o_CTCATA_S85_trim1	1.0	4.0	39.0	320.0	1691.0	5404.0	10782.0	14680.0	17545.0	23434.0	33963.0	49252.0	69866.0	94890.0	124280.0	166361.0	235459.0	387686.0	944066.0	3486483.0
	17.0	18.0	19.0	20.0	21.0	22.0	23.0	24.0	25.0	26.0	27.0	28.0	29.0	30.0	31.0	32.0	33.0	34.0	35.0
209212_HY5CNBGXT_TCDM_2_F11_BLANK_AATCCG_S86_trim1	1.0	1.0	32.0	177.0	495.0	875.0	1062.0	889.0	729.0	549.0	561.0	484.0	538.0	571.0	645.0	796.0	1118.0	2274.0	5891.0
	17.0	18.0	19.0	20.0	21.0	22.0	23.0	24.0	25.0	26.0	27.0	28.0	29.0	30.0	31.0	32.0	33.0	34.0	35.0
209213_HY5CNBGXT_TCDM_2_G11_A03_4_1_i_GGCCAA_S87_trim1	1.0	19.0	137.0	689.0	2369.0	4862.0	7809.0	11617.0	17981.0	28645.0	43504.0	61459.0	82812.0	109331.0	144663.0	200326.0	321831.0	757366.0	3143685.0
	16.0	17.0	18.0	19.0	20.0	21.0	22.0	23.0	24.0	25.0	26.0	27.0	28.0	29.0	30.0	31.0	32.0	33.0	34.0	35.0
209214_HY5CNBGXT_TCDM_2_H11_X8_37_2_i_AGACCA_S88_trim1	1.0	2.0	50.0	465.0	2379.0	7463.0	14734.0	19726.0	23027.0	28994.0	39249.0	54849.0	74927.0	99481.0	127145.0	166957.0	234585.0	389363.0	950643.0	3266576.0
	16.0	17.0	18.0	19.0	20.0	21.0	22.0	23.0	24.0	25.0	26.0	27.0	28.0	29.0	30.0	31.0	32.0	33.0	34.0	35.0
209215_HY5CNBGXT_TCDM_2_A12_X4_24_3_i_CGCGGA_S89_trim1	1.0	1.0	10.0	93.0	430.0	1608.0	3415.0	6825.0	12313.0	22222.0	37674.0	57453.0	83332.0	113289.0	152291.0	202790.0	286390.0	463592.0	1111977.0	4354912.0
	17.0	18.0	19.0	20.0	21.0	22.0	23.0	24.0	25.0	26.0	27.0	28.0	29.0	30.0	31.0	32.0	33.0	34.0	35.0
209216_HY5CNBGXT_TCDM_2_B12_X8_37_3_o_CCTGCT_S90_trim1	2.0	8.0	66.0	382.0	1227.0	2966.0	5410.0	10038.0	17875.0	30224.0	46960.0	67253.0	90689.0	119988.0	160237.0	224446.0	367355.0	891258.0	3468029.0
	15.0	16.0	17.0	18.0	19.0	20.0	21.0	22.0	23.0	24.0	25.0	26.0	27.0	28.0	29.0	30.0	31.0	32.0	33.0	34.0	35.0
209217_HY5CNBGXT_TCDM_2_C12_X8_37_2_o_GCGCTG_S91_trim1	1.0	1.0	0.0	9.0	46.0	288.0	935.0	2199.0	4547.0	8933.0	16227.0	27660.0	42311.0	61424.0	83608.0	111054.0	148000.0	206655.0	336394.0	808319.0	3105316.0
	17.0	18.0	19.0	20.0	21.0	22.0	23.0	24.0	25.0	26.0	27.0	28.0	29.0	30.0	31.0	32.0	33.0	34.0	35.0
209218_HY5CNBGXT_TCDM_2_D12_X8_37_1_o_GAACCT_S92_trim1	2.0	20.0	149.0	773.0	2538.0	5134.0	7972.0	11796.0	18307.0	28428.0	43026.0	60769.0	83374.0	108899.0	145316.0	205557.0	337831.0	822680.0	3257512.0
	16.0	17.0	18.0	19.0	20.0	21.0	22.0	23.0	24.0	25.0	26.0	27.0	28.0	29.0	30.0	31.0	32.0	33.0	34.0	35.0
209219_HY5CNBGXT_TCDM_2_E12_X8_37_3_i_TTCGAG_S93_trim1	1.0	0.0	15.0	110.0	585.0	1977.0	4281.0	7238.0	11693.0	20157.0	33754.0	51963.0	75629.0	103331.0	136845.0	182054.0	254623.0	414692.0	998153.0	4305049.0
	17.0	18.0	19.0	20.0	21.0	22.0	23.0	24.0	25.0	26.0	27.0	28.0	29.0	30.0	31.0	32.0	33.0	34.0	35.0
209220_HY5CNBGXT_TCDM_2_F12_C14_4_1_i_AGAATC_S94_trim1	6.0	56.0	439.0	2386.0	7752.0	15083.0	19986.0	22328.0	27323.0	37472.0	53827.0	73641.0	98289.0	129690.0	173053.0	241542.0	394936.0	955570.0	3987977.0
	17.0	18.0	19.0	20.0	21.0	22.0	23.0	24.0	25.0	26.0	27.0	28.0	29.0	30.0	31.0	32.0	33.0	34.0	35.0
209221_HY5CNBGXT_TCDM_2_G12_X8_37_1_i_AGGCAT_S95_trim1	2.0	7.0	101.0	507.0	1681.0	3685.0	6297.0	10586.0	17811.0	30075.0	46218.0	67405.0	91394.0	120160.0	157793.0	216857.0	337398.0	756981.0	2759303.0
	18.0	19.0	20.0	21.0	22.0	23.0	24.0	25.0	26.0	27.0	28.0	29.0	30.0	31.0	32.0	33.0	34.0	35.0
209222_HY5CNBGXT_TCDM_2_H12_C14_4_1_o_ACACGC_S96_trim1	31.0	240.0	1222.0	3924.0	8171.0	12272.0	17253.0	25340.0	39549.0	58501.0	80810.0	107633.0	140831.0	185213.0	257864.0	415532.0	980128.0	3882766.0

