Sample	20	22	24	26	28	30	32	34	36	38	40	42	44	46	48	50	52	54	56	58	60	62	64	66	68	70	72	74	76	78	80	82	84	86
209031_HY55YBGXT_TCDM_1_A01_A04_1_2_o_CAGCGT_S1_trim1	9769.0	10302.0	9922.0	10020.0	10346.0	12289.0	13505.0	12845.0	13514.0	14614.0	16249.0	19916.0	22877.0	21520.0	20565.0	21916.0	22471.0	25832.0	27591.0	28240.0	27269.0	25289.0	27548.0	29752.0	23022.0	23682.0	22547.0	23002.0	22513.0	20228.0	23168.0	34748.0	225489.0	398138.0
209032_HY55YBGXT_TCDM_1_B01_A04_1_1_o_GATCAC_S2_trim1	4414.0	4469.0	4163.0	4065.0	4118.0	4757.0	4923.0	4894.0	4956.0	5494.0	6438.0	7395.0	7971.0	7692.0	7122.0	7213.0	7473.0	8290.0	8421.0	8626.0	8308.0	7363.0	7956.0	8455.0	6425.0	6257.0	6397.0	6609.0	6709.0	5650.0	6412.0	9436.0	66334.0	116384.0
209033_HY55YBGXT_TCDM_1_C01_BLANK_ACCAGT_S3_trim1	97.0	91.0	91.0	91.0	113.0	102.0	130.0	118.0	169.0	168.0	140.0	192.0	204.0	214.0	238.0	273.0	284.0	325.0	352.0	400.0	429.0	442.0	494.0	539.0	506.0	539.0	505.0	540.0	515.0	582.0	729.0	1257.0	3179.0	4825.0
209034_HY55YBGXT_TCDM_1_D01_A04_1_3_i_TGCACG_S4_trim1	5088.0	5243.0	5106.0	4766.0	4840.0	5823.0	5889.0	5682.0	4624.0	4950.0	6359.0	7906.0	9531.0	9394.0	6782.0	7548.0	7195.0	9616.0	8364.0	9469.0	9694.0	8129.0	8552.0	9162.0	5803.0	5574.0	5970.0	6510.0	7057.0	5803.0	5468.0	7770.0	57398.0	93772.0
209035_HY55YBGXT_TCDM_1_E01_A04_1_3_o_ACATTA_S5_trim1	8920.0	9098.0	9099.0	9186.0	10246.0	12121.0	14435.0	13949.0	14251.0	15494.0	18249.0	25142.0	28760.0	25838.0	24370.0	26501.0	27832.0	32767.0	34742.0	36193.0	35859.0	33770.0	38218.0	45285.0	36157.0	36407.0	35801.0	36513.0	36069.0	34178.0	42168.0	71349.0	471700.0	846549.0
209036_HY55YBGXT_TCDM_1_F01_A27_1_2_i_GTGTAG_S6_trim1	10730.0	11932.0	11235.0	11709.0	12824.0	16170.0	17910.0	17402.0	15580.0	16819.0	19970.0	26687.0	30276.0	27154.0	25081.0	27250.0	27950.0	32379.0	33413.0	35413.0	35584.0	32091.0	35696.0	38553.0	29831.0	31512.0	30286.0	31352.0	31034.0	30250.0	37332.0	65408.0	524790.0	777079.0
209037_HY55YBGXT_TCDM_1_G01_C17_1_2_o_CTAGTC_S7_trim1	10061.0	10496.0	10160.0	9710.0	10095.0	11473.0	12249.0	11429.0	11088.0	11486.0	12595.0	14700.0	16737.0	16699.0	14660.0	14928.0	15350.0	17569.0	17324.0	18642.0	18005.0	16230.0	17911.0	18937.0	13765.0	13879.0	13458.0	13937.0	13992.0	12328.0	13829.0	20891.0	134179.0	250176.0
209038_HY55YBGXT_TCDM_1_H01_C17_1_2_i_TGTGCA_S8_trim1	10865.0	11594.0	11093.0	11921.0	13662.0	15140.0	18318.0	18480.0	18571.0	19388.0	20528.0	25468.0	29486.0	30511.0	33136.0	37463.0	41907.0	46798.0	52885.0	60221.0	59501.0	58131.0	70844.0	87913.0	76678.0	83607.0	80672.0	82276.0	76010.0	82551.0	116212.0	243648.0	939792.0	2563987.0
209039_HY55YBGXT_TCDM_1_A02_X1_54_2_o_TCAGGA_S9_trim1	13685.0	15007.0	14788.0	15246.0	17116.0	20290.0	24969.0	26153.0	27341.0	30071.0	34533.0	41713.0	48432.0	49385.0	52567.0	58930.0	66710.0	78214.0	86579.0	92654.0	88869.0	83949.0	97221.0	112076.0	91582.0	97467.0	91242.0	91096.0	84596.0	83031.0	94190.0	138254.0	716621.0	1426283.0
209040_HY55YBGXT_TCDM_1_B02_X9_27_1_i_CGGTTA_S10_trim1	2990.0	3419.0	3011.0	2948.0	2929.0	3627.0	3697.0	3143.0	3005.0	3321.0	4302.0	4821.0	5593.0	5341.0	4224.0	4640.0	4700.0	6443.0	5346.0	6526.0	6956.0	5758.0	5724.0	5895.0	3371.0	3564.0	3734.0	4445.0	5023.0	4042.0	3930.0	6009.0	50289.0	86236.0
209041_HY55YBGXT_TCDM_1_C02_X9_27_2_i_TTAACT_S11_trim1	813.0	832.0	852.0	795.0	1023.0	1181.0	1409.0	1170.0	1193.0	1305.0	1451.0	1620.0	1667.0	1596.0	1552.0	1750.0	2063.0	2461.0	2380.0	2668.0	2625.0	2450.0	2686.0	2658.0	1774.0	1684.0	1523.0	1617.0	1644.0	1447.0	1713.0	2754.0	16237.0	26987.0
209042_HY55YBGXT_TCDM_1_D02_X9_27_3_o_ATGAAC_S12_trim1	2037.0	2370.0	2144.0	1971.0	2037.0	2229.0	2187.0	1995.0	2038.0	2273.0	2779.0	3052.0	3236.0	3446.0	2556.0	2721.0	2727.0	3558.0	2937.0	3394.0	3746.0	3493.0	3463.0	3371.0	2142.0	1985.0	2197.0	2650.0	3000.0	2532.0	2772.0	4302.0	28223.0	47818.0
209043_HY55YBGXT_TCDM_1_E02_X11_57_2_o_CCTAAG_S13_trim1	4389.0	4520.0	4564.0	4236.0	4473.0	5148.0	5681.0	5515.0	5849.0	6445.0	7463.0	8898.0	9979.0	10120.0	9251.0	10069.0	10641.0	13024.0	13598.0	14402.0	14128.0	13451.0	14815.0	16097.0	12509.0	12860.0	12792.0	13224.0	13091.0	12243.0	14025.0	22319.0	136302.0	258726.0
209044_HY55YBGXT_TCDM_1_F02_X11_57_3_o_AATCCG_S14_trim1	1608.0	1891.0	1592.0	1412.0	1328.0	1461.0	1301.0	1150.0	1123.0	1246.0	1696.0	1605.0	1831.0	2014.0	1273.0	1360.0	1577.0	1967.0	1350.0	1707.0	1867.0	1539.0	1398.0	1244.0	827.0	825.0	900.0	1044.0	1149.0	1012.0	960.0	1419.0	7402.0	12690.0
209045_HY55YBGXT_TCDM_1_G02_X9_27_2_o_GGCTGC_S15_trim1	8027.0	8880.0	8885.0	9281.0	10795.0	12987.0	15275.0	16553.0	17879.0	19718.0	21182.0	26601.0	31610.0	33944.0	38198.0	44367.0	50643.0	59415.0	68958.0	78302.0	79487.0	79063.0	97176.0	119553.0	106063.0	117031.0	110288.0	115036.0	107332.0	121447.0	157097.0	297539.0	1092317.0	2996409.0
209046_HY55YBGXT_TCDM_1_H02_X11_57_1_o_TACCTT_S16_trim1	254.0	188.0	144.0	158.0	152.0	140.0	154.0	139.0	148.0	147.0	205.0	201.0	193.0	175.0	187.0	203.0	238.0	240.0	271.0	292.0	307.0	305.0	278.0	341.0	300.0	323.0	265.0	287.0	298.0	313.0	379.0	631.0	4240.0	6104.0
209047_HY55YBGXT_TCDM_1_A03_A27_1_1_i_TCTTAA_S17_trim1	10710.0	11631.0	10465.0	10744.0	12747.0	15883.0	17426.0	17921.0	17313.0	19241.0	22457.0	27411.0	31189.0	30628.0	31276.0	34821.0	38064.0	44365.0	50119.0	50964.0	51308.0	48537.0	56371.0	64886.0	53490.0	57437.0	56025.0	56917.0	54237.0	53225.0	66555.0	112674.0	695832.0	1291493.0
209048_HY55YBGXT_TCDM_1_B03_X1_54_2_i_GTCAGG_S18_trim1	569.0	583.0	527.0	514.0	474.0	536.0	522.0	441.0	427.0	453.0	602.0	596.0	683.0	623.0	499.0	552.0	570.0	786.0	646.0	758.0	747.0	584.0	605.0	583.0	472.0	520.0	461.0	559.0	593.0	539.0	560.0	770.0	4621.0	7922.0
209049_HY55YBGXT_TCDM_1_C03_X11_57_2_i_ATACTG_S19_trim1	79.0	75.0	77.0	90.0	65.0	92.0	98.0	112.0	112.0	121.0	122.0	135.0	152.0	178.0	165.0	205.0	232.0	214.0	219.0	268.0	264.0	284.0	296.0	340.0	301.0	317.0	305.0	333.0	312.0	380.0	525.0	818.0	2429.0	3944.0
209050_HY55YBGXT_TCDM_1_D03_X9_27_3_i_TATGTC_S20_trim1	38.0	34.0	42.0	29.0	26.0	22.0	36.0	40.0	48.0	61.0	56.0	62.0	79.0	64.0	67.0	95.0	86.0	92.0	101.0	126.0	107.0	89.0	136.0	155.0	129.0	149.0	131.0	171.0	187.0	194.0	226.0	313.0	954.0	2153.0
209051_HY55YBGXT_TCDM_1_E03_C17_1_3_i_GAGTCC_S21_trim1	230.0	255.0	242.0	195.0	175.0	188.0	191.0	170.0	180.0	169.0	249.0	223.0	242.0	246.0	210.0	211.0	227.0	292.0	268.0	280.0	291.0	269.0	316.0	310.0	291.0	271.0	279.0	332.0	318.0	376.0	405.0	629.0	2550.0	4469.0
209052_HY55YBGXT_TCDM_1_F03_X11_57_3_i_GGAGGT_S22_trim1	11053.0	12780.0	11622.0	11339.0	12598.0	16167.0	18035.0	18202.0	16883.0	18918.0	22118.0	31153.0	36698.0	33544.0	34498.0	38980.0	43488.0	52223.0	56503.0	63648.0	64325.0	60957.0	72119.0	84305.0	71195.0	80810.0	71974.0	72619.0	68921.0	72688.0	93459.0	171520.0	1069317.0	2058051.0
209053_HY55YBGXT_TCDM_1_G03_X9_27_1_o_CACACT_S23_trim1	11405.0	11774.0	12129.0	12694.0	14625.0	16885.0	18980.0	19559.0	20376.0	22106.0	23987.0	29856.0	33463.0	33723.0	35923.0	38546.0	42673.0	47390.0	52300.0	57304.0	54346.0	50951.0	58766.0	66227.0	54652.0	57742.0	53035.0	53355.0	48612.0	49956.0	56543.0	79555.0	323633.0	691608.0
209054_HY55YBGXT_TCDM_1_H03_A04_1_2_o_CCGCAA_S24_trim1	15332.0	16156.0	16083.0	17040.0	19492.0	21068.0	24469.0	24189.0	24977.0	27151.0	29225.0	34724.0	39661.0	40528.0	42155.0	45167.0	48525.0	53471.0	60506.0	66508.0	64302.0	61509.0	70318.0	80070.0	67230.0	73190.0	69013.0	69369.0	62595.0	64128.0	74252.0	110273.0	414068.0	909347.0
209055_HY55YBGXT_TCDM_1_A04_X4_67_2_o_TTTATG_S25_trim1	4032.0	4144.0	4464.0	4519.0	4947.0	6048.0	7021.0	8538.0	10278.0	11966.0	14158.0	17790.0	21883.0	23804.0	28461.0	32975.0	39271.0	44068.0	52170.0	57865.0	60765.0	62821.0	78848.0	108760.0	105123.0	109829.0	114362.0	125444.0	120980.0	133322.0	202094.0	404733.0	1232724.0	4465844.0
209056_HY55YBGXT_TCDM_1_B04_C64_1_2_o_AACGCC_S26_trim1	7546.0	7594.0	7600.0	7857.0	8469.0	9902.0	12106.0	13638.0	16210.0	19077.0	21294.0	26319.0	31195.0	33061.0	38465.0	43679.0	51799.0	55960.0	63747.0	68558.0	68704.0	68818.0	83638.0	108582.0	100872.0	104115.0	105514.0	113105.0	107960.0	112721.0	152886.0	253119.0	717133.0	2317924.0
209057_HY55YBGXT_TCDM_1_C04_A04_1_1_i_CAAGCA_S27_trim1	3692.0	3757.0	3712.0	4044.0	4601.0	5364.0	6444.0	7314.0	8516.0	10441.0	12087.0	14933.0	17899.0	19997.0	23477.0	27661.0	33363.0	36577.0	42653.0	47774.0	50173.0	51701.0	63722.0	81983.0	79045.0	87953.0	94843.0	103595.0	98588.0	103049.0	158336.0	352493.0	1135832.0	4219786.0
209058_HY55YBGXT_TCDM_1_D04_X4_67_3_i_GCTCGA_S28_trim1	3776.0	3711.0	3528.0	3530.0	3431.0	4002.0	4333.0	4721.0	5465.0	6096.0	7090.0	8707.0	10116.0	10202.0	11187.0	12388.0	14240.0	15244.0	17273.0	18153.0	17183.0	17242.0	20967.0	25691.0	23170.0	22737.0	22808.0	23629.0	23388.0	23251.0	29483.0	43838.0	152647.0	410848.0
209059_HY55YBGXT_TCDM_1_E04_A04_1_2_i_GCGAAT_S29_trim1	4266.0	4227.0	4015.0	4490.0	5167.0	5868.0	7117.0	8276.0	9566.0	11704.0	13419.0	16622.0	20123.0	22119.0	25749.0	30270.0	35458.0	38961.0	44823.0	50244.0	51644.0	53269.0	64900.0	86955.0	84851.0	93172.0	99532.0	108770.0	104888.0	110462.0	161127.0	329075.0	1028020.0	3667995.0
209060_HY55YBGXT_TCDM_1_F04_C17_1_1_i_TGGATT_S30_trim1	2750.0	2748.0	2805.0	3106.0	3447.0	3990.0	4600.0	5564.0	6605.0	7780.0	8649.0	11067.0	13505.0	15138.0	18248.0	22164.0	27040.0	30070.0	34914.0	38470.0	40086.0	42305.0	53466.0	75527.0	73692.0	75917.0	80923.0	91738.0	91774.0	104238.0	172963.0	407221.0	1467037.0	5429914.0
209061_HY55YBGXT_TCDM_1_G04_X4_67_2_i_ACCTAC_S31_trim1	2421.0	2478.0	2441.0	2635.0	2943.0	3446.0	4146.0	4688.0	5438.0	6438.0	7350.0	8882.0	11280.0	12390.0	14470.0	16907.0	20076.0	21794.0	25526.0	29490.0	31157.0	33177.0	42713.0	58484.0	56343.0	58864.0	62705.0	70678.0	69168.0	80829.0	141204.0	362263.0	1339943.0	4817948.0
209062_HY55YBGXT_TCDM_1_H04_X4_67_1_i_CGAAGG_S32_trim1	4820.0	4807.0	4705.0	4690.0	5039.0	5782.0	6957.0	7602.0	8911.0	10246.0	12021.0	15456.0	18346.0	19812.0	23357.0	27456.0	31930.0	36615.0	43006.0	48110.0	49979.0	52256.0	63847.0	85236.0	81667.0	87834.0	94746.0	105133.0	100518.0	110439.0	189464.0	483929.0	1723471.0	6184583.0
209063_HY55YBGXT_TCDM_1_A05_C64_1_2_i_AGATAG_S33_trim1	12165.0	12916.0	12979.0	13656.0	15057.0	19375.0	23420.0	23099.0	22786.0	24402.0	27054.0	34490.0	41222.0	41012.0	42820.0	48159.0	53252.0	63031.0	68868.0	74372.0	73665.0	71045.0	84362.0	98475.0	83548.0	87373.0	80654.0	80036.0	73528.0	77677.0	93403.0	154397.0	806892.0	1588715.0
209064_HY55YBGXT_TCDM_1_B05_C64_1_1_o_TTGGTA_S34_trim1	12114.0	13131.0	12649.0	14179.0	16719.0	17557.0	22390.0	23230.0	24289.0	26351.0	28550.0	34367.0	40451.0	42998.0	47373.0	53245.0	61040.0	67886.0	77231.0	86445.0	86952.0	85206.0	103945.0	131313.0	116349.0	124843.0	121262.0	126804.0	118076.0	129031.0	177999.0	337438.0	1103583.0	3211563.0
209065_HY55YBGXT_TCDM_1_C05_X5_31_3_i_GTTACC_S35_trim1	7642.0	8698.0	8798.0	8907.0	10245.0	13302.0	15811.0	15978.0	14773.0	16013.0	17785.0	23461.0	27664.0	28185.0	31151.0	35743.0	40090.0	47211.0	52016.0	59503.0	59420.0	56879.0	69435.0	84816.0	73621.0	81175.0	74761.0	75315.0	70256.0	76318.0	103625.0	202830.0	1031831.0	2213035.0
209066_HY55YBGXT_TCDM_1_D05_X4_67_3_o_CGCAAC_S36_trim1	2591.0	2813.0	2941.0	2769.0	2642.0	3393.0	3390.0	3082.0	2594.0	2879.0	3667.0	4922.0	5380.0	4995.0	3897.0	4368.0	4252.0	5298.0	4883.0	5256.0	5533.0	4750.0	5107.0	5298.0	3790.0	3900.0	4094.0	4617.0	5127.0	4246.0	4880.0	7839.0	60179.0	98899.0
209067_HY55YBGXT_TCDM_1_E05_X5_31_2_i_TGGCGA_S37_trim1	5948.0	6674.0	6721.0	7121.0	8210.0	10397.0	12671.0	12401.0	11408.0	12671.0	14762.0	20174.0	24409.0	24523.0	26423.0	31138.0	35012.0	41362.0	45606.0	52479.0	54681.0	53814.0	66672.0	82488.0	74816.0	85243.0	80779.0	83427.0	77554.0	86643.0	131355.0	306619.0	1702016.0	3619649.0
209068_HY55YBGXT_TCDM_1_F05_C17_1_1_o_ACCGTG_S38_trim1	191.0	194.0	183.0	165.0	139.0	154.0	181.0	187.0	182.0	220.0	236.0	248.0	311.0	290.0	303.0	306.0	381.0	370.0	428.0	458.0	431.0	443.0	473.0	498.0	495.0	480.0	469.0	462.0	500.0	539.0	700.0	1185.0	6109.0	11452.0
209069_HY55YBGXT_TCDM_1_G05_A20_1_1_o_CAACAG_S39_trim1	5191.0	5674.0	5596.0	5388.0	5810.0	6904.0	7462.0	6932.0	6604.0	7258.0	8346.0	10473.0	11412.0	10780.0	10398.0	10925.0	11813.0	13529.0	13608.0	14404.0	13977.0	12853.0	14321.0	15133.0	11633.0	12274.0	11921.0	12453.0	12134.0	11566.0	13986.0	21415.0	137474.0	246495.0
209070_HY55YBGXT_TCDM_1_H05_C17_1_3_o_GATTGT_S40_trim1	17915.0	18358.0	16940.0	17581.0	19579.0	22813.0	28562.0	30215.0	32648.0	41108.0	63272.0	99387.0	181095.0	124072.0	84947.0	73457.0	88284.0	100690.0	110114.0	123856.0	128002.0	122145.0	136525.0	168472.0	142076.0	135811.0	123572.0	127500.0	120735.0	137073.0	172587.0	370854.0	1492639.0	3616947.0
209071_HY55YBGXT_TCDM_1_A06_A20_1_1_i_CTCTCG_S41_trim1	11127.0	12602.0	12253.0	12517.0	14677.0	18035.0	22107.0	21638.0	21834.0	24446.0	28169.0	35442.0	41539.0	43479.0	48122.0	54927.0	62988.0	73734.0	82366.0	92253.0	91788.0	89282.0	108759.0	132002.0	116860.0	129662.0	121230.0	124850.0	114141.0	122894.0	163607.0	301227.0	1348934.0	3115508.0
209072_HY55YBGXT_TCDM_1_B06_A20_1_2_o_TGACAC_S42_trim1	5342.0	5429.0	5230.0	5060.0	5514.0	5795.0	6343.0	6773.0	6897.0	7455.0	8074.0	9642.0	10478.0	10447.0	10213.0	10899.0	11517.0	12524.0	13554.0	14324.0	13168.0	12333.0	13823.0	16007.0	12888.0	13586.0	13172.0	13405.0	12636.0	12104.0	14088.0	20018.0	89002.0	187462.0
209073_HY55YBGXT_TCDM_1_C06_X5_31_1_o_AAGACA_S43_trim1	1396.0	1554.0	1576.0	1581.0	1750.0	1881.0	1988.0	2039.0	2179.0	2274.0	2397.0	2813.0	2907.0	2965.0	3077.0	3382.0	3750.0	4163.0	4212.0	4717.0	4805.0	4787.0	5119.0	5508.0	4407.0	4637.0	4444.0	4530.0	4074.0	4581.0	5904.0	9150.0	22067.0	37499.0
209074_HY55YBGXT_TCDM_1_D06_X4_67_1_o_ACAGAT_S44_trim1	2085.0	2534.0	2206.0	2038.0	2014.0	2380.0	2464.0	2107.0	1961.0	2220.0	2729.0	3541.0	3729.0	3141.0	2559.0	2815.0	2952.0	3601.0	3017.0	3404.0	3877.0	3447.0	3496.0	3379.0	2078.0	2119.0	2435.0	2626.0	2862.0	2609.0	3146.0	4887.0	30552.0	49249.0
209075_HY55YBGXT_TCDM_1_E06_A27_1_2_o_TAGGCT_S45_trim1	5646.0	6579.0	6160.0	5904.0	6006.0	7221.0	7440.0	6690.0	5602.0	6310.0	7878.0	9634.0	10549.0	10354.0	8067.0	8936.0	8790.0	11129.0	9045.0	10545.0	11295.0	9578.0	9903.0	10054.0	6213.0	6390.0	7010.0	7628.0	9201.0	7242.0	8137.0	12824.0	116810.0	189699.0
209076_HY55YBGXT_TCDM_1_F06_X5_31_3_o_CTCCAT_S46_trim1	1644.0	1908.0	1698.0	1713.0	1665.0	1960.0	1972.0	1749.0	1600.0	1767.0	2164.0	2403.0	2622.0	2654.0	2015.0	2249.0	2370.0	2811.0	2320.0	2744.0	2980.0	2481.0	2638.0	2566.0	1660.0	1681.0	1824.0	2002.0	2263.0	1883.0	2100.0	3206.0	20823.0	34355.0
209077_HY55YBGXT_TCDM_1_G06_X5_31_2_o_GCATGG_S47_trim1	2365.0	2374.0	2281.0	2203.0	2162.0	2502.0	2596.0	2356.0	2355.0	2634.0	3041.0	3363.0	3762.0	3542.0	2946.0	3083.0	3300.0	3787.0	3370.0	3582.0	3654.0	3233.0	3498.0	3460.0	2300.0	2397.0	2349.0	2599.0	2728.0	2350.0	2584.0	3630.0	26591.0	45479.0
209078_HY55YBGXT_TCDM_1_H06_C64_1_3_i_AATAGC_S48_trim1	25605.0	28099.0	28629.0	30379.0	34667.0	42515.0	53686.0	52728.0	54674.0	57874.0	60427.0	73354.0	84220.0	87998.0	97013.0	107008.0	121242.0	134809.0	153690.0	174463.0	172036.0	163046.0	191193.0	225126.0	189214.0	204395.0	178304.0	175415.0	156721.0	172824.0	205028.0	342860.0	1004046.0	2847490.0
209079_HY55YBGXT_TCDM_1_A07_A20_1_2_i_GTGCCA_S49_trim1	17378.0	19363.0	19298.0	21002.0	24838.0	28147.0	33778.0	35553.0	37257.0	40894.0	44253.0	52587.0	61529.0	66169.0	75459.0	83861.0	96454.0	106249.0	123766.0	137900.0	134538.0	130347.0	157581.0	189865.0	169719.0	183084.0	172249.0	173521.0	157616.0	169044.0	203759.0	319537.0	807070.0	2567458.0
209080_HY55YBGXT_TCDM_1_B07_A20_1_3_i_TCGAGG_S50_trim1	8881.0	9679.0	9734.0	10542.0	12215.0	14281.0	19011.0	19926.0	21103.0	22992.0	25126.0	32120.0	39072.0	43114.0	49238.0	54830.0	63181.0	73555.0	86431.0	101672.0	102668.0	100726.0	122139.0	149510.0	133141.0	145361.0	132392.0	134903.0	123335.0	139915.0	180843.0	361043.0	1111120.0	3564696.0
209081_HY55YBGXT_TCDM_1_C07_A20_1_3_o_CACTAA_S51_trim1	14067.0	14878.0	14683.0	15998.0	19749.0	22262.0	26477.0	27455.0	29920.0	33455.0	36387.0	44107.0	50977.0	54951.0	62448.0	69665.0	79296.0	86411.0	101452.0	112481.0	111713.0	109836.0	134096.0	170227.0	151509.0	165522.0	162920.0	166832.0	154615.0	167330.0	219556.0	357264.0	876745.0	2906239.0
209082_HY55YBGXT_TCDM_1_D07_A27_1_3_o_GGTATA_S52_trim1	10912.0	11621.0	11561.0	12774.0	15309.0	18507.0	21421.0	24693.0	27128.0	29868.0	32194.0	39436.0	48667.0	52913.0	59264.0	66218.0	75978.0	86262.0	100689.0	116193.0	117349.0	112915.0	133698.0	162438.0	143673.0	155850.0	146191.0	150780.0	139241.0	154841.0	197336.0	384517.0	1048992.0	3560603.0
209083_HY55YBGXT_TCDM_1_E07_A27_1_1_o_CGCCTG_S53_trim1	10909.0	12139.0	12800.0	13907.0	15632.0	19401.0	23645.0	24616.0	26670.0	30057.0	33889.0	41838.0	49270.0	51447.0	56855.0	62746.0	70271.0	78536.0	88795.0	96141.0	95924.0	93237.0	109259.0	130547.0	113112.0	124195.0	120072.0	121228.0	113072.0	123450.0	155583.0	288442.0	1221155.0	2898324.0
209084_HY55YBGXT_TCDM_1_F07_X5_31_1_i_AATGAA_S54_trim1	16905.0	17833.0	17111.0	18464.0	22549.0	25396.0	33235.0	33202.0	34127.0	36698.0	39599.0	49081.0	61374.0	62903.0	67577.0	72104.0	81042.0	89544.0	102102.0	118616.0	120027.0	116860.0	135477.0	159810.0	139401.0	145292.0	131981.0	134387.0	122580.0	134092.0	169228.0	337309.0	1085364.0	2980226.0
209085_HY55YBGXT_TCDM_1_G07_X11_57_1_i_ACAACG_S55_trim1	12240.0	13595.0	14739.0	14986.0	18435.0	22055.0	27261.0	27335.0	28561.0	31007.0	33064.0	41046.0	50291.0	54048.0	60471.0	66641.0	77015.0	85852.0	101191.0	119188.0	119576.0	115832.0	139143.0	164867.0	142275.0	159338.0	143435.0	145325.0	131868.0	150184.0	185512.0	345591.0	976898.0	3083116.0
209086_HY55YBGXT_TCDM_1_H07_X2_45_2_i_ATATCC_S56_trim1	19904.0	20212.0	19633.0	20529.0	23962.0	28865.0	36529.0	36017.0	38174.0	40848.0	42897.0	48997.0	57653.0	61738.0	69247.0	78280.0	88117.0	96892.0	112737.0	129573.0	128654.0	126024.0	150650.0	181318.0	159549.0	170988.0	160336.0	161674.0	148523.0	156916.0	190957.0	300983.0	751475.0	2372403.0
209087_HY55YBGXT_TCDM_1_A08_X2_45_2_o_AGTACT_S57_trim1	16067.0	17496.0	17064.0	18120.0	22369.0	26660.0	33468.0	32512.0	32005.0	33770.0	35957.0	43799.0	53222.0	56377.0	61657.0	67728.0	74685.0	85460.0	99501.0	114558.0	118575.0	115874.0	138754.0	166149.0	147760.0	157288.0	144586.0	146429.0	132634.0	144890.0	185794.0	363332.0	1344518.0	3531530.0
209088_HY55YBGXT_TCDM_1_B08_X2_45_1_i_ATAAGA_S58_trim1	12230.0	12820.0	12425.0	13884.0	16144.0	19876.0	25606.0	27454.0	29036.0	31745.0	34485.0	41423.0	49347.0	54656.0	64043.0	73501.0	86304.0	99532.0	117589.0	136578.0	136612.0	133610.0	161805.0	201831.0	177884.0	190475.0	179217.0	184051.0	169669.0	186370.0	234461.0	412773.0	1074332.0	3706415.0
209089_HY55YBGXT_TCDM_1_C08_X2_45_3_o_GGTGAG_S59_trim1	15166.0	16055.0	16507.0	17488.0	20491.0	23862.0	29092.0	32694.0	35207.0	37530.0	40282.0	49290.0	60067.0	64754.0	71970.0	79372.0	90158.0	101238.0	119210.0	139179.0	139958.0	135517.0	159849.0	193399.0	170618.0	181081.0	168331.0	171030.0	154068.0	167262.0	206741.0	374250.0	1000828.0	3383299.0
209090_HY55YBGXT_TCDM_1_D08_X2_45_3_i_TTCCGC_S60_trim1	14418.0	14332.0	13983.0	14204.0	15673.0	17219.0	22428.0	26366.0	29160.0	32616.0	36117.0	44371.0	56605.0	57662.0	62257.0	69943.0	79252.0	89502.0	105063.0	122308.0	123683.0	122032.0	143834.0	176120.0	156897.0	163869.0	157645.0	159828.0	146261.0	161475.0	207871.0	416894.0	1170143.0	4238045.0
209091_HY55YBGXT_TCDM_1_E08_X2_45_1_o_GAAGTG_S61_trim1	206.0	210.0	168.0	158.0	154.0	144.0	181.0	147.0	128.0	153.0	165.0	166.0	207.0	201.0	145.0	190.0	223.0	206.0	200.0	204.0	228.0	211.0	250.0	277.0	249.0	247.0	254.0	271.0	272.0	313.0	371.0	653.0	2521.0	6471.0
209092_HY55YBGXT_TCDM_1_F08_X11_68_1_o_CAATGC_S62_trim1	543.0	572.0	559.0	438.0	391.0	447.0	354.0	341.0	335.0	388.0	411.0	477.0	483.0	478.0	396.0	431.0	496.0	577.0	482.0	530.0	514.0	495.0	580.0	654.0	536.0	513.0	530.0	564.0	548.0	598.0	742.0	1229.0	4043.0	8679.0
209093_HY55YBGXT_TCDM_1_G08_X11_68_1_i_ACGTCT_S63_trim1	12769.0	14179.0	14441.0	15827.0	20258.0	23080.0	29443.0	29081.0	30956.0	34201.0	36531.0	43259.0	51352.0	56275.0	63390.0	73208.0	84528.0	94856.0	110964.0	130708.0	132103.0	128915.0	156582.0	187150.0	164015.0	179805.0	161147.0	161087.0	144825.0	161144.0	195394.0	326690.0	884354.0	2807104.0
209094_HY55YBGXT_TCDM_1_H08_X11_68_3_i_CAGGAC_S64_trim1	14113.0	15668.0	15357.0	16480.0	20128.0	23161.0	29146.0	28338.0	29654.0	32657.0	33875.0	40717.0	47949.0	52466.0	59195.0	68500.0	77640.0	87763.0	102009.0	120663.0	122773.0	121501.0	148125.0	174301.0	155956.0	169640.0	151903.0	152912.0	141972.0	157071.0	188328.0	309934.0	909164.0	2664422.0
209095_HY55YBGXT_TCDM_1_A09_X11_68_3_o_AAGCTC_S65_trim1	18326.0	19671.0	19046.0	19475.0	23450.0	26776.0	34025.0	32372.0	31462.0	33757.0	35861.0	43583.0	50503.0	51728.0	54651.0	60060.0	66634.0	76263.0	85422.0	95045.0	94021.0	91168.0	108865.0	125739.0	105780.0	108214.0	99654.0	100047.0	92655.0	94746.0	112419.0	174640.0	733088.0	1627292.0
209096_HY55YBGXT_TCDM_1_B09_X11_68_2_o_GACGAT_S66_trim1	4609.0	4773.0	4536.0	4749.0	5790.0	6763.0	8213.0	8788.0	9898.0	11593.0	12718.0	15547.0	18723.0	20390.0	24028.0	28647.0	34211.0	38960.0	47111.0	54027.0	56076.0	58327.0	73762.0	97710.0	89974.0	100953.0	106133.0	113961.0	108188.0	121192.0	178216.0	402054.0	1345615.0	4557958.0
209097_HY55YBGXT_TCDM_1_C09_A20_2_3_o_TCGTTC_S67_trim1	4258.0	4582.0	5169.0	4645.0	5144.0	5810.0	5601.0	5343.0	4702.0	5460.0	7241.0	8165.0	10035.0	10404.0	8580.0	9729.0	10305.0	15554.0	16981.0	19917.0	18129.0	14267.0	14768.0	15887.0	10199.0	10365.0	10774.0	12074.0	13492.0	10900.0	11388.0	17541.0	133272.0	224093.0
209098_HY55YBGXT_TCDM_1_D09_A03_2_1_o_CCAATT_S68_trim1	7755.0	8853.0	8682.0	9819.0	11196.0	13825.0	17176.0	17634.0	19554.0	21644.0	24613.0	30999.0	38109.0	40557.0	46087.0	52197.0	60005.0	71094.0	82986.0	96445.0	99455.0	97561.0	114407.0	139419.0	119879.0	131922.0	125556.0	129818.0	120475.0	130521.0	169675.0	336627.0	1386600.0	3468460.0
209099_HY55YBGXT_TCDM_1_E09_C17_2_3_o_AGTTGA_S69_trim1	15831.0	16631.0	16578.0	18173.0	20349.0	25154.0	30660.0	33185.0	34945.0	36444.0	38460.0	46183.0	53416.0	57449.0	65659.0	72581.0	82736.0	95269.0	111235.0	123433.0	119675.0	114690.0	136137.0	164911.0	139972.0	149628.0	141930.0	142274.0	129273.0	135288.0	158259.0	250441.0	758212.0	2201448.0
209100_HY55YBGXT_TCDM_1_F09_A03_2_1_i_AACCGA_S70_trim1	13043.0	13577.0	13619.0	14934.0	17498.0	19963.0	24921.0	26254.0	28661.0	33036.0	36342.0	43035.0	51835.0	56245.0	62192.0	69774.0	78729.0	86986.0	103348.0	119792.0	119849.0	117686.0	136320.0	163289.0	144618.0	153583.0	147752.0	152909.0	138764.0	147846.0	191306.0	359882.0	1044126.0	3292281.0
209101_HY55YBGXT_TCDM_1_G09_C14_2_1_i_CAGATG_S71_trim1	18080.0	19564.0	19635.0	21119.0	24984.0	28762.0	34664.0	34920.0	38039.0	40430.0	41344.0	47818.0	56003.0	61204.0	69974.0	77196.0	88060.0	96647.0	115064.0	132173.0	131406.0	128407.0	152366.0	182462.0	157098.0	169657.0	160220.0	163338.0	146016.0	154157.0	186077.0	304453.0	717023.0	2467928.0
209102_HY55YBGXT_TCDM_1_H09_A20_2_2_i_GTAGAA_S72_trim1	18174.0	19899.0	18825.0	20593.0	25954.0	29870.0	34941.0	35824.0	36006.0	38332.0	40972.0	49998.0	57503.0	62226.0	68938.0	77106.0	88258.0	99642.0	113807.0	129851.0	127690.0	121517.0	144226.0	174682.0	150614.0	164555.0	148738.0	148266.0	135954.0	147335.0	174641.0	267601.0	778345.0	2185831.0
209103_HY55YBGXT_TCDM_1_A10_A20_2_1_o_GACATC_S73_trim1	14038.0	15633.0	16119.0	16926.0	21268.0	24985.0	30711.0	31476.0	34327.0	39175.0	43733.0	52549.0	62202.0	67357.0	76821.0	86647.0	97689.0	108102.0	127436.0	140414.0	141355.0	137773.0	165359.0	203385.0	181296.0	200126.0	197891.0	201440.0	177173.0	184537.0	237714.0	396262.0	1093445.0	3346522.0
209104_HY55YBGXT_TCDM_1_B10_C14_2_2_o_CGATCT_S74_trim1	30669.0	31939.0	30850.0	32844.0	37592.0	42241.0	49263.0	48292.0	50185.0	53107.0	52640.0	59824.0	68605.0	72144.0	78632.0	84070.0	93175.0	102870.0	120467.0	130516.0	124197.0	117862.0	137946.0	160273.0	129968.0	137169.0	128704.0	125355.0	110794.0	111362.0	123870.0	165240.0	420384.0	1148149.0
209105_HY55YBGXT_TCDM_1_C10_A04_2_3_o_CGTCGC_S75_trim1	13930.0	14336.0	14263.0	14708.0	17313.0	19275.0	22433.0	22251.0	22863.0	24444.0	25778.0	29621.0	33574.0	35268.0	37298.0	39964.0	43610.0	47546.0	55390.0	60460.0	57319.0	54541.0	62023.0	69887.0	59352.0	62599.0	57636.0	57229.0	50891.0	51125.0	56739.0	76937.0	212541.0	552782.0
209106_HY55YBGXT_TCDM_1_D10_A04_2_1_o_ATGGCG_S76_trim1	2352.0	2174.0	2152.0	2031.0	2291.0	2292.0	2659.0	2882.0	2926.0	3254.0	3497.0	3941.0	4571.0	4716.0	4467.0	4800.0	5266.0	5822.0	6440.0	7039.0	6362.0	5993.0	6600.0	7696.0	6264.0	6682.0	6366.0	6262.0	6077.0	5821.0	6643.0	9889.0	40053.0	92334.0
209107_HY55YBGXT_TCDM_1_E10_A04_2_1_i_ATTGGT_S77_trim1	7042.0	6895.0	6357.0	6791.0	6990.0	8015.0	8909.0	9534.0	9981.0	10513.0	11078.0	12359.0	14192.0	14837.0	14769.0	16025.0	17297.0	18848.0	21620.0	22556.0	21386.0	19698.0	22212.0	25087.0	20790.0	22032.0	21030.0	20804.0	18521.0	17837.0	19925.0	27392.0	84630.0	217010.0
209108_HY55YBGXT_TCDM_1_F10_A04_2_3_i_GCCACA_S78_trim1	15708.0	15537.0	15010.0	15555.0	17982.0	19693.0	22566.0	22022.0	22167.0	23647.0	24583.0	28027.0	31969.0	33052.0	34335.0	37138.0	39857.0	43485.0	49665.0	53910.0	52112.0	49542.0	56137.0	62121.0	51835.0	54515.0	49678.0	49739.0	44853.0	44708.0	50985.0	71630.0	239038.0	560261.0
209109_HY55YBGXT_TCDM_1_G10_A20_2_1_i_CATCTA_S79_trim1	15125.0	16094.0	15613.0	17055.0	21708.0	24967.0	30349.0	30339.0	32288.0	35327.0	37672.0	45610.0	52702.0	57165.0	64964.0	73285.0	83624.0	94080.0	108392.0	125345.0	123600.0	118789.0	143199.0	174169.0	152946.0	170393.0	157350.0	159192.0	143831.0	156139.0	194690.0	321958.0	871578.0	2744690.0
209110_HY55YBGXT_TCDM_1_H10_A04_2_2_o_AACAAG_S80_trim1	22010.0	23367.0	23437.0	23829.0	27927.0	32368.0	39036.0	36671.0	35188.0	37630.0	40770.0	47849.0	55389.0	57467.0	59537.0	63419.0	67996.0	74669.0	83368.0	90012.0	88139.0	83552.0	95515.0	107646.0	89203.0	96667.0	89134.0	89622.0	80725.0	83172.0	97311.0	149752.0	662846.0	1359195.0
209111_HY55YBGXT_TCDM_1_A11_A04_2_2_i_GCAGCC_S81_trim1	7836.0	8252.0	8362.0	8976.0	10543.0	13007.0	15671.0	16109.0	17637.0	20025.0	21942.0	26199.0	31579.0	35517.0	40977.0	47087.0	55039.0	61639.0	73856.0	85250.0	87019.0	88170.0	106824.0	131914.0	120636.0	133812.0	132655.0	137241.0	125587.0	133422.0	176954.0	330230.0	1032911.0	3215613.0
209112_HY55YBGXT_TCDM_1_B11_A20_2_2_o_ACTCTT_S82_trim1	11856.0	13019.0	13228.0	14888.0	19049.0	21523.0	27365.0	27318.0	29350.0	32906.0	36248.0	44342.0	52710.0	57675.0	66563.0	74431.0	86005.0	97178.0	115440.0	131241.0	129660.0	127136.0	153333.0	189722.0	167898.0	182214.0	177248.0	179234.0	160029.0	171561.0	216334.0	371492.0	960986.0	3228548.0
209113_HY55YBGXT_TCDM_1_C11_C17_2_1_i_TGCTAT_S83_trim1	11602.0	12328.0	12079.0	13129.0	17247.0	19893.0	22964.0	24931.0	26520.0	28434.0	29201.0	35141.0	41838.0	45791.0	53517.0	61063.0	72111.0	81782.0	95752.0	110686.0	111682.0	108359.0	132351.0	163375.0	146818.0	156818.0	148476.0	151869.0	139865.0	149039.0	185485.0	308666.0	773738.0	2603796.0
209114_HY55YBGXT_TCDM_1_D11_A03_2_3_i_AAGTGG_S84_trim1	7808.0	7757.0	7516.0	7788.0	8410.0	9894.0	12591.0	13940.0	15807.0	17783.0	19925.0	23035.0	28182.0	30105.0	34185.0	39437.0	45835.0	50533.0	59744.0	67312.0	69519.0	70518.0	86498.0	110990.0	101206.0	113005.0	116970.0	125415.0	118289.0	127893.0	187411.0	431755.0	1378642.0	5027184.0
209115_HY55YBGXT_TCDM_1_E11_C14_2_3_i_CTCATA_S85_trim1	13224.0	13992.0	13217.0	14218.0	16965.0	20454.0	24613.0	25227.0	27319.0	30358.0	32265.0	37597.0	44148.0	47608.0	51551.0	56749.0	64188.0	73871.0	84604.0	91173.0	88931.0	85322.0	99971.0	116319.0	97031.0	104438.0	98836.0	98070.0	87231.0	89783.0	102365.0	154821.0	583578.0	1402393.0
209116_HY55YBGXT_TCDM_1_F11_C14_2_1_i_CCGACC_S86_trim1	27531.0	29311.0	29142.0	30456.0	35393.0	39651.0	46919.0	47328.0	49801.0	53938.0	53721.0	61348.0	70084.0	74543.0	81484.0	88367.0	98282.0	104727.0	122425.0	136321.0	131167.0	126203.0	146954.0	166028.0	142954.0	151885.0	139089.0	138293.0	123278.0	125611.0	145035.0	205748.0	554700.0	1561774.0
209117_HY55YBGXT_TCDM_1_G11_A20_2_3_o_GGCCAA_S87_trim1	18896.0	20569.0	20759.0	21942.0	26404.0	29135.0	34375.0	34830.0	35797.0	39667.0	42941.0	52388.0	59983.0	62214.0	68744.0	75563.0	84001.0	92357.0	106609.0	116233.0	112994.0	109399.0	129747.0	155368.0	137252.0	149029.0	144489.0	145682.0	130843.0	137152.0	172489.0	280852.0	940000.0	2404523.0
209118_HY55YBGXT_TCDM_1_H11_C14_2_2_i_AGACCA_S88_trim1	9063.0	9373.0	9390.0	10398.0	12297.0	13694.0	17714.0	17391.0	18291.0	20054.0	20632.0	24241.0	28573.0	32022.0	36425.0	41075.0	47030.0	51628.0	61502.0	70432.0	72784.0	74723.0	93953.0	116036.0	102330.0	115647.0	114270.0	120853.0	109279.0	119755.0	172553.0	410307.0	1334689.0	4451406.0
209119_HY55YBGXT_TCDM_1_A12_C14_2_3_o_CGCGGA_S89_trim1	14155.0	14805.0	15193.0	16419.0	18281.0	21447.0	26384.0	28489.0	31820.0	35793.0	37680.0	44569.0	52269.0	57142.0	65465.0	73643.0	83136.0	91046.0	107543.0	119514.0	119503.0	117883.0	142123.0	174719.0	154305.0	169980.0	171697.0	175516.0	154360.0	160530.0	211465.0	388250.0	1037153.0	3629826.0
209120_HY55YBGXT_TCDM_1_B12_C17_2_2_i_CCTGCT_S90_trim1	17748.0	18979.0	18197.0	19222.0	22269.0	26214.0	31492.0	32483.0	34772.0	37765.0	39734.0	47055.0	55658.0	60382.0	67924.0	76735.0	87481.0	100239.0	117173.0	132373.0	130949.0	128646.0	153839.0	189491.0	160588.0	176885.0	167825.0	169009.0	152482.0	159813.0	190059.0	302600.0	1069216.0	2688549.0
209121_HY55YBGXT_TCDM_1_C12_A03_2_3_o_GCGCTG_S91_trim1	15962.0	16483.0	16141.0	17025.0	18242.0	21009.0	25965.0	27644.0	30735.0	33921.0	36653.0	42707.0	49721.0	53227.0	59418.0	66369.0	73787.0	81010.0	94480.0	105004.0	106467.0	105238.0	126388.0	159524.0	141721.0	157069.0	160031.0	167771.0	153250.0	159574.0	228987.0	479466.0	1424952.0	5013505.0
209122_HY55YBGXT_TCDM_1_D12_C17_2_3_i_GAACCT_S92_trim1	12242.0	12455.0	11896.0	12965.0	15582.0	17282.0	21342.0	21611.0	22075.0	24263.0	24594.0	28363.0	34093.0	36979.0	41263.0	45705.0	52257.0	57590.0	67762.0	76714.0	76636.0	76129.0	92487.0	110025.0	92623.0	101253.0	94866.0	96459.0	87753.0	91192.0	111122.0	179149.0	576222.0	1560514.0
209123_HY55YBGXT_TCDM_1_E12_A03_2_2_o_TTCGAG_S93_trim1	16077.0	16586.0	16671.0	17673.0	19644.0	21961.0	27006.0	31171.0	35270.0	39226.0	42658.0	50395.0	59457.0	63091.0	70347.0	77540.0	87796.0	96463.0	111395.0	122133.0	120887.0	117959.0	139626.0	171403.0	148180.0	161416.0	160410.0	163799.0	146380.0	149535.0	185570.0	293517.0	816440.0	2431817.0
209124_HY55YBGXT_TCDM_1_F12_C17_2_2_o_AGAATC_S94_trim1	13765.0	14732.0	14800.0	15461.0	19134.0	22494.0	27119.0	28418.0	30446.0	33146.0	34086.0	40237.0	46784.0	50919.0	58707.0	64868.0	74709.0	82463.0	96816.0	110929.0	110751.0	108225.0	131424.0	162082.0	139062.0	149369.0	143669.0	148814.0	134633.0	145483.0	190326.0	373077.0	1016023.0	3491979.0
209125_HY55YBGXT_TCDM_1_G12_X8_415_3_i_AGGCAT_S95_trim1	9522.0	9966.0	9823.0	11250.0	13157.0	15277.0	19238.0	20586.0	23768.0	26739.0	29092.0	35866.0	42940.0	47251.0	54900.0	63027.0	73393.0	83638.0	96616.0	109114.0	110811.0	109935.0	133560.0	164322.0	144465.0	156760.0	149839.0	152621.0	137102.0	152733.0	200221.0	383954.0	1157169.0	3449961.0
209126_HY55YBGXT_TCDM_1_H12_X8_415_3_o_ACACGC_S96_trim1	30381.0	31563.0	30755.0	31730.0	36663.0	41538.0	50382.0	50735.0	52754.0	55292.0	56606.0	66085.0	75869.0	80247.0	87638.0	93798.0	103394.0	112012.0	126490.0	141722.0	141096.0	137797.0	163440.0	197361.0	166591.0	181049.0	166821.0	168369.0	149654.0	166396.0	209060.0	393099.0	1200805.0	3557348.0
209127_HY5CNBGXT_TCDM_2_A01_X4_46_1_o_CAGCGT_S1_trim1	6482.0	6490.0	6408.0	6927.0	7432.0	8448.0	10220.0	10188.0	11292.0	13093.0	13480.0	16781.0	19136.0	20776.0	23404.0	26168.0	28989.0	31121.0	36047.0	40296.0	41840.0	41112.0	50035.0	63216.0	55367.0	60194.0	64109.0	70037.0	63444.0	65475.0	100787.0	255731.0	604864.0	3033436.0
209128_HY5CNBGXT_TCDM_2_B01_X8_415_2_i_GATCAC_S2_trim1	5300.0	5092.0	5160.0	5847.0	6085.0	7485.0	9043.0	10515.0	12482.0	15176.0	16766.0	21422.0	26021.0	29975.0	36671.0	43163.0	51873.0	55776.0	65052.0	72070.0	74851.0	74541.0	88620.0	112972.0	102376.0	108343.0	116474.0	123863.0	114175.0	117608.0	165802.0	349519.0	638122.0	3647203.0
209129_HY5CNBGXT_TCDM_2_C01_X8_415_2_o_ACCAGT_S3_trim1	4392.0	4947.0	4972.0	5501.0	6089.0	7524.0	9011.0	9701.0	11244.0	13418.0	14264.0	18476.0	23062.0	25950.0	30093.0	35155.0	41148.0	45549.0	53082.0	61840.0	64419.0	63687.0	78624.0	100794.0	83676.0	95780.0	96626.0	101480.0	91028.0	99519.0	138190.0	328888.0	740217.0	3449871.0
209130_HY5CNBGXT_TCDM_2_D01_X4_46_3_o_TGCACG_S4_trim1	8698.0	8864.0	8183.0	7904.0	8831.0	9476.0	11428.0	12760.0	13693.0	15643.0	17425.0	22031.0	29804.0	31193.0	32788.0	35026.0	39385.0	43125.0	49988.0	57502.0	60714.0	61808.0	75065.0	92519.0	76091.0	84035.0	85382.0	91761.0	81002.0	84182.0	126468.0	324662.0	756568.0	3474318.0
209131_HY5CNBGXT_TCDM_2_E01_X4_46_1_i_ACATTA_S5_trim1	10026.0	9685.0	9492.0	9772.0	9872.0	11046.0	12727.0	13503.0	15038.0	17115.0	19484.0	23878.0	33103.0	32508.0	33987.0	37381.0	41913.0	46240.0	52924.0	59609.0	62803.0	64268.0	75578.0	95242.0	81065.0	90403.0	94860.0	101374.0	93034.0	100866.0	154290.0	398807.0	912141.0	4275036.0
209132_HY5CNBGXT_TCDM_2_F01_C14_3_2_o_GTGTAG_S6_trim1	5863.0	5789.0	5704.0	6525.0	7171.0	8678.0	9194.0	11853.0	13484.0	16068.0	16991.0	20979.0	25032.0	26740.0	30926.0	35204.0	40526.0	43331.0	50506.0	57159.0	58248.0	56758.0	68424.0	88890.0	79473.0	89146.0	97481.0	103733.0	94649.0	93797.0	127351.0	243155.0	490037.0	2524536.0
209133_HY5CNBGXT_TCDM_2_G01_A03_3_1_o_CTAGTC_S7_trim1	2943.0	3217.0	3117.0	3481.0	4129.0	4688.0	5909.0	6094.0	7056.0	8408.0	9404.0	11477.0	13654.0	14858.0	17202.0	20037.0	22535.0	24805.0	29299.0	33588.0	34718.0	35285.0	42849.0	56487.0	50011.0	57784.0	64435.0	70677.0	66047.0	68195.0	103224.0	242473.0	520988.0	2858051.0
209134_HY5CNBGXT_TCDM_2_H01_A03_3_3_o_TGTGCA_S8_trim1	4953.0	5099.0	5066.0	5988.0	6798.0	7506.0	8662.0	10461.0	11399.0	13731.0	15915.0	19595.0	23448.0	26147.0	30651.0	35184.0	41083.0	45713.0	54060.0	60350.0	62857.0	63136.0	76215.0	97882.0	81231.0	92639.0	99712.0	107468.0	93867.0	94430.0	141289.0	336010.0	847234.0	3645644.0
209135_HY5CNBGXT_TCDM_2_A02_X4_32_2_i_TCAGGA_S9_trim1	6110.0	6311.0	6396.0	6768.0	7371.0	7968.0	9756.0	11088.0	12236.0	14170.0	15460.0	19103.0	23096.0	25524.0	30268.0	33815.0	38309.0	40748.0	45790.0	49577.0	51443.0	51946.0	63428.0	78649.0	70172.0	79585.0	87239.0	92007.0	83394.0	87686.0	125184.0	288874.0	704885.0	3467291.0
209136_HY5CNBGXT_TCDM_2_B02_C14_3_2_i_CGGTTA_S10_trim1	3621.0	3739.0	3839.0	4377.0	5087.0	5672.0	6863.0	7785.0	8839.0	10939.0	11830.0	14810.0	18405.0	20517.0	24857.0	29169.0	34263.0	38033.0	45170.0	51798.0	56095.0	56834.0	69639.0	90613.0	79559.0	91317.0	100576.0	108057.0	96578.0	97347.0	139233.0	306454.0	645408.0	3384237.0
209137_HY5CNBGXT_TCDM_2_C02_X4_32_3_i_TTAACT_S11_trim1	4061.0	4103.0	3983.0	4500.0	5164.0	5640.0	6819.0	8054.0	9052.0	10812.0	11859.0	15289.0	18786.0	20819.0	25569.0	29329.0	33700.0	37150.0	42912.0	46840.0	48918.0	49858.0	60304.0	75764.0	69036.0	77402.0	84559.0	89954.0	80857.0	85519.0	118669.0	257238.0	583718.0	2967416.0
209138_HY5CNBGXT_TCDM_2_D02_X4_32_3_o_ATGAAC_S12_trim1	6993.0	6930.0	6789.0	7234.0	7520.0	8597.0	10406.0	11544.0	12824.0	15355.0	17039.0	20986.0	25244.0	28023.0	32885.0	37351.0	42479.0	45980.0	52613.0	57147.0	59622.0	60921.0	72638.0	89607.0	77550.0	86059.0	93028.0	98661.0	85317.0	85872.0	124946.0	284416.0	638742.0	3004518.0
209139_HY5CNBGXT_TCDM_2_E02_A04_3_2_o_CCTAAG_S13_trim1	4730.0	4548.0	4514.0	4700.0	4939.0	5658.0	6280.0	6731.0	7772.0	9477.0	10146.0	12296.0	14073.0	15059.0	16222.0	18051.0	19369.0	20139.0	22910.0	24964.0	24298.0	23803.0	27335.0	34903.0	31221.0	31640.0	32374.0	33755.0	31723.0	31746.0	41282.0	75640.0	152118.0	839688.0
209140_HY5CNBGXT_TCDM_2_F02_X4_32_1_i_CCGACC_S14_trim1	1178.0	1284.0	1380.0	1436.0	1568.0	1886.0	2170.0	2462.0	2789.0	3442.0	3674.0	4909.0	5979.0	6842.0	8103.0	9155.0	10670.0	11697.0	13676.0	15625.0	17015.0	18011.0	23041.0	29004.0	27035.0	30750.0	34110.0	36746.0	35820.0	41515.0	67210.0	209454.0	655781.0	3406153.0
209141_HY5CNBGXT_TCDM_2_G02_A04_3_2_i_GGCTGC_S15_trim1	1937.0	1987.0	2061.0	2200.0	2299.0	2711.0	3337.0	3905.0	4717.0	5987.0	6721.0	8490.0	10680.0	11971.0	14062.0	17020.0	20113.0	22485.0	26908.0	31041.0	33311.0	34301.0	42503.0	56486.0	52545.0	57177.0	62506.0	70221.0	66518.0	68546.0	106435.0	250455.0	548141.0	3015487.0
209142_HY5CNBGXT_TCDM_2_H02_A04_3_1_o_TACCTT_S16_trim1	4387.0	4572.0	4392.0	4927.0	5888.0	6397.0	8161.0	9573.0	10783.0	13236.0	14134.0	17552.0	20985.0	22649.0	26855.0	30197.0	34866.0	36925.0	43994.0	50483.0	52359.0	52987.0	64307.0	86263.0	78238.0	85275.0	91175.0	97591.0	89804.0	92444.0	133625.0	285261.0	548430.0	3167657.0
209143_HY5CNBGXT_TCDM_2_A03_C14_3_3_o_TCTTAA_S17_trim1	2137.0	2225.0	2091.0	2367.0	2540.0	2917.0	3608.0	4250.0	4639.0	5598.0	5828.0	7354.0	8961.0	10504.0	12583.0	14785.0	17683.0	19206.0	22604.0	25578.0	26954.0	27496.0	33530.0	43768.0	40316.0	44882.0	50714.0	55921.0	54878.0	59252.0	93063.0	261150.0	661245.0	3472214.0
209144_HY5CNBGXT_TCDM_2_B03_C14_3_1_i_GTCAGG_S18_trim1	3714.0	3806.0	3783.0	4074.0	4207.0	5386.0	6284.0	7486.0	8840.0	10378.0	11031.0	13092.0	15664.0	17174.0	20448.0	23557.0	27422.0	29022.0	33286.0	37842.0	38991.0	39337.0	48263.0	61879.0	55318.0	61970.0	66548.0	71769.0	66175.0	69219.0	102006.0	252997.0	548082.0	3167109.0
209145_HY5CNBGXT_TCDM_2_C03_A04_3_3_o_ATACTG_S19_trim1	3070.0	2871.0	2955.0	3142.0	3060.0	3808.0	4589.0	5244.0	6032.0	7679.0	8788.0	10616.0	12568.0	12747.0	14299.0	16088.0	18310.0	19444.0	22967.0	25401.0	26482.0	26192.0	30771.0	39067.0	36365.0	37295.0	38708.0	41736.0	38107.0	38030.0	48682.0	71050.0	93018.0	572664.0
209146_HY5CNBGXT_TCDM_2_D03_A27_3_3_i_TATGTC_S20_trim1	2002.0	2077.0	2007.0	2118.0	2636.0	2737.0	3651.0	4280.0	4811.0	5979.0	6715.0	8329.0	10143.0	11549.0	13913.0	16675.0	20058.0	22179.0	25708.0	30404.0	32422.0	33206.0	40953.0	52997.0	47863.0	55822.0	60976.0	66843.0	62821.0	65347.0	101257.0	264869.0	593269.0	3359433.0
209147_HY5CNBGXT_TCDM_2_E03_C14_3_3_i_GAGTCC_S21_trim1	260.0	206.0	159.0	180.0	168.0	224.0	277.0	309.0	392.0	457.0	458.0	595.0	765.0	829.0	962.0	1106.0	1278.0	1434.0	1632.0	1879.0	1944.0	2028.0	2454.0	2905.0	2534.0	3113.0	2955.0	3183.0	2834.0	3021.0	3868.0	6867.0	14350.0	66419.0
209148_HY5CNBGXT_TCDM_2_F03_A03_3_1_i_GGAGGT_S22_trim1	3523.0	3397.0	3508.0	3573.0	3908.0	4808.0	5445.0	6438.0	7442.0	9048.0	10358.0	12497.0	14840.0	16005.0	18315.0	20854.0	24030.0	26717.0	29497.0	33007.0	33639.0	33373.0	39656.0	49954.0	42428.0	45880.0	47134.0	49558.0	45688.0	45467.0	59719.0	114110.0	276290.0	1234333.0
209149_HY5CNBGXT_TCDM_2_G03_A03_3_3_i_CACACT_S23_trim1	3436.0	3478.0	3390.0	3870.0	4254.0	4799.0	5590.0	6388.0	7469.0	9194.0	10209.0	12575.0	14969.0	15856.0	18547.0	20965.0	24146.0	25549.0	30137.0	33620.0	34352.0	34668.0	41013.0	53236.0	45831.0	50339.0	52507.0	54997.0	51520.0	52025.0	70552.0	132079.0	259430.0	1276064.0
209150_HY5CNBGXT_TCDM_2_H03_X4_32_1_o_CCGCAA_S24_trim1	3718.0	3813.0	3844.0	4337.0	4948.0	5623.0	6562.0	7356.0	8755.0	10426.0	11282.0	14344.0	16990.0	18994.0	22177.0	25452.0	29246.0	31946.0	38038.0	43355.0	45036.0	45724.0	57342.0	75326.0	67977.0	77430.0	83038.0	90925.0	84185.0	89051.0	128775.0	281972.0	631955.0	3170188.0
209151_HY5CNBGXT_TCDM_2_A04_A04_3_3_i_TTTATG_S25_trim1	2714.0	2585.0	2747.0	2683.0	2931.0	3455.0	3823.0	4558.0	5336.0	6701.0	7583.0	9137.0	11032.0	12365.0	14706.0	17392.0	19873.0	22237.0	26346.0	30078.0	32253.0	33572.0	40758.0	54780.0	51034.0	54825.0	60368.0	68967.0	64257.0	67431.0	110928.0	287485.0	663906.0	3730272.0
209152_HY5CNBGXT_TCDM_2_B04_X4_32_2_o_AACGCC_S26_trim1	254.0	262.0	239.0	232.0	243.0	275.0	278.0	291.0	328.0	355.0	389.0	490.0	511.0	500.0	503.0	539.0	615.0	647.0	650.0	659.0	694.0	671.0	844.0	914.0	801.0	810.0	867.0	892.0	903.0	944.0	1448.0	2842.0	6655.0	19337.0
209153_HY5CNBGXT_TCDM_2_C04_A27_3_1_o_CAAGCA_S27_trim1	1729.0	1692.0	1728.0	1960.0	2036.0	2355.0	2803.0	3228.0	3706.0	4704.0	5360.0	6676.0	8199.0	9237.0	11048.0	13487.0	16269.0	17506.0	21084.0	24864.0	26358.0	27492.0	33940.0	45175.0	41914.0	47065.0	53273.0	60850.0	58864.0	62912.0	100619.0	269932.0	653006.0	3655687.0
209154_HY5CNBGXT_TCDM_2_D04_A27_3_3_o_GCTCGA_S28_trim1	1694.0	1731.0	1654.0	1857.0	1974.0	2296.0	2744.0	3068.0	3658.0	4429.0	4845.0	6050.0	7186.0	8284.0	9904.0	11748.0	13731.0	15039.0	18052.0	20528.0	21752.0	22752.0	27839.0	37391.0	34019.0	39265.0	44227.0	49875.0	48364.0	51331.0	87629.0	262074.0	641263.0	3652754.0
209155_HY5CNBGXT_TCDM_2_E04_A27_3_2_o_GCGAAT_S29_trim1	2478.0	2417.0	2418.0	2757.0	3114.0	3443.0	4169.0	4560.0	5401.0	6424.0	7101.0	8840.0	11084.0	12424.0	14701.0	16903.0	20049.0	22030.0	26102.0	30399.0	32173.0	32720.0	40211.0	52690.0	47001.0	54408.0	60581.0	66994.0	62873.0	66146.0	111176.0	322172.0	790929.0	4259086.0
209156_HY5CNBGXT_TCDM_2_F04_X5_66_3_o_TGGATT_S30_trim1	3155.0	3373.0	3373.0	3860.0	4401.0	5056.0	5783.0	7598.0	8502.0	10683.0	12341.0	15527.0	19407.0	21736.0	26667.0	31157.0	36527.0	39654.0	47430.0	54131.0	57212.0	56636.0	70227.0	94622.0	83182.0	89904.0	97021.0	105121.0	97386.0	99406.0	149681.0	337681.0	687413.0	3946240.0
209157_HY5CNBGXT_TCDM_2_G04_C17_3_1_i_ACCTAC_S31_trim1	3094.0	3181.0	3463.0	3659.0	4325.0	5257.0	6278.0	6777.0	7648.0	9305.0	10049.0	12569.0	15479.0	17089.0	20034.0	23067.0	27368.0	30515.0	35118.0	41002.0	42119.0	42589.0	52699.0	69523.0	60118.0	67307.0	71931.0	76837.0	70930.0	75033.0	111726.0	279429.0	743576.0	3431116.0
209158_HY5CNBGXT_TCDM_2_H04_C17_3_1_o_CGAAGG_S32_trim1	4561.0	4658.0	4780.0	5292.0	5498.0	7145.0	8616.0	9353.0	10629.0	12908.0	13617.0	17034.0	20398.0	22705.0	26398.0	30896.0	35505.0	38566.0	45533.0	51846.0	54391.0	54779.0	67641.0	89154.0	78731.0	87573.0	94436.0	103201.0	94270.0	99692.0	150994.0	366548.0	829139.0	4404239.0
209159_HY5CNBGXT_TCDM_2_A05_C17_3_2_i_AGATAG_S33_trim1	4099.0	4120.0	4028.0	4430.0	4759.0	5652.0	7088.0	7528.0	8293.0	9870.0	10141.0	12240.0	14355.0	15514.0	18211.0	20623.0	23616.0	25137.0	28974.0	33111.0	33634.0	33878.0	40590.0	53372.0	46572.0	51678.0	55155.0	59315.0	54179.0	57870.0	92327.0	262733.0	644159.0	3478496.0
209160_HY5CNBGXT_TCDM_2_B05_C17_3_2_o_TTGGTA_S34_trim1	3511.0	3414.0	3355.0	3666.0	3936.0	4149.0	5217.0	6194.0	6703.0	7408.0	7929.0	9582.0	11959.0	13425.0	15045.0	16673.0	18697.0	20572.0	24308.0	28149.0	29746.0	29987.0	36248.0	47682.0	41573.0	47332.0	50696.0	56631.0	51485.0	55577.0	91259.0	279540.0	710386.0	3667500.0
209161_HY5CNBGXT_TCDM_2_C05_X5_66_2_i_GTTACC_S35_trim1	4079.0	3992.0	3820.0	3823.0	3760.0	4313.0	4979.0	5658.0	6424.0	7388.0	8491.0	10325.0	11869.0	13578.0	15778.0	18502.0	20760.0	22897.0	26497.0	29922.0	31513.0	32098.0	38280.0	48254.0	43148.0	48508.0	52728.0	57562.0	52314.0	54401.0	87966.0	253536.0	655072.0	3319465.0
209162_HY5CNBGXT_TCDM_2_D05_X5_66_1_i_CGCAAC_S36_trim1	2860.0	2791.0	2732.0	2899.0	3103.0	3401.0	4240.0	4558.0	4939.0	5851.0	6739.0	8127.0	9597.0	10812.0	12407.0	14618.0	16511.0	18385.0	21349.0	24432.0	26588.0	27242.0	33438.0	42953.0	37956.0	43436.0	45759.0	50628.0	47590.0	51672.0	87980.0	267710.0	752307.0	3618701.0
209163_HY5CNBGXT_TCDM_2_E05_C17_3_3_o_TGGCGA_S37_trim1	1940.0	1917.0	1941.0	2031.0	2361.0	2732.0	2957.0	3866.0	4503.0	5390.0	5936.0	7377.0	8647.0	9928.0	11646.0	13480.0	15502.0	16646.0	20115.0	23137.0	24589.0	24381.0	30648.0	40116.0	36962.0	41305.0	45965.0	51135.0	48523.0	51894.0	82173.0	230414.0	561247.0	3091274.0
209164_HY5CNBGXT_TCDM_2_F05_A03_3_2_o_ACCGTG_S38_trim1	2064.0	2120.0	2037.0	2300.0	2385.0	2843.0	3370.0	3895.0	4659.0	5532.0	6397.0	7978.0	9758.0	10999.0	12512.0	14655.0	17067.0	18709.0	22229.0	26497.0	28080.0	28787.0	35726.0	48632.0	43321.0	47654.0	52945.0	59984.0	55969.0	59055.0	97701.0	269145.0	642160.0	3484830.0
209165_HY5CNBGXT_TCDM_2_G05_X5_66_3_i_CAACAG_S39_trim1	1774.0	1709.0	1776.0	1942.0	2175.0	2405.0	2852.0	3159.0	3635.0	4249.0	4716.0	5617.0	6756.0	7549.0	8977.0	10689.0	12327.0	13241.0	15325.0	17362.0	18657.0	19074.0	23733.0	31255.0	27750.0	31718.0	35137.0	39905.0	37809.0	41436.0	73792.0	232719.0	615493.0	3329756.0
209166_HY5CNBGXT_TCDM_2_H05_X5_66_1_o_GATTGT_S40_trim1	5407.0	5255.0	4664.0	5052.0	5345.0	5784.0	6460.0	7160.0	7809.0	9400.0	10392.0	12277.0	14576.0	15294.0	16136.0	17650.0	19709.0	20940.0	23470.0	25303.0	24963.0	23895.0	27250.0	34297.0	29024.0	30000.0	30644.0	31594.0	29485.0	27311.0	32896.0	49367.0	91664.0	449705.0
209167_HY5CNBGXT_TCDM_2_A06_X5_66_2_o_CTCTCG_S41_trim1	3276.0	3466.0	3490.0	3657.0	4185.0	4882.0	6192.0	6396.0	7171.0	8536.0	9221.0	11544.0	13995.0	15486.0	18099.0	20618.0	23508.0	25837.0	30536.0	34843.0	36314.0	36624.0	45431.0	59573.0	52668.0	60281.0	64200.0	69508.0	63888.0	67720.0	106115.0	284601.0	685372.0	3534079.0
209168_HY5CNBGXT_TCDM_2_B06_A27_3_2_i_TGACAC_S42_trim1	5826.0	5715.0	5334.0	5465.0	5397.0	5905.0	7039.0	7609.0	8580.0	9785.0	11087.0	13803.0	18677.0	18832.0	19234.0	21224.0	23789.0	25938.0	29204.0	32789.0	35076.0	35501.0	40811.0	49977.0	42753.0	47931.0	48001.0	51828.0	46724.0	49932.0	79041.0	226800.0	625266.0	2839606.0
209169_HY5CNBGXT_TCDM_2_C06_C64_3_1_o_AAGACA_S43_trim1	2729.0	2711.0	2778.0	3074.0	3361.0	3899.0	4704.0	5278.0	5958.0	6915.0	7694.0	9316.0	11407.0	12801.0	14939.0	17110.0	19790.0	21890.0	25604.0	29558.0	31739.0	32361.0	39058.0	50956.0	44973.0	51809.0	56627.0	61444.0	56540.0	61439.0	98536.0	271085.0	644423.0	3294933.0
209170_HY5CNBGXT_TCDM_2_D06_X9_35_2_i_ACAGAT_S44_trim1	5558.0	5447.0	4927.0	5228.0	5194.0	6092.0	7071.0	7811.0	8896.0	10203.0	11310.0	13485.0	16591.0	17968.0	20687.0	24027.0	27820.0	30535.0	34615.0	39226.0	41020.0	41848.0	50246.0	63778.0	54966.0	60993.0	63233.0	67040.0	60691.0	65097.0	104647.0	288857.0	741320.0	3651357.0
209171_HY5CNBGXT_TCDM_2_E06_C64_3_1_i_TAGGCT_S45_trim1	3403.0	3420.0	3429.0	3512.0	3753.0	4253.0	5629.0	6318.0	6949.0	8222.0	9071.0	11470.0	13998.0	15785.0	18495.0	21661.0	25708.0	28598.0	33415.0	38171.0	40589.0	41528.0	50288.0	64057.0	55357.0	62463.0	64308.0	68849.0	62906.0	67910.0	106418.0	301994.0	767885.0	3769050.0
209172_HY5CNBGXT_TCDM_2_F06_C14_3_1_o_CTCCAT_S46_trim1	3842.0	3524.0	3446.0	3417.0	3841.0	4014.0	4837.0	5264.0	6067.0	7063.0	7649.0	9484.0	11364.0	12856.0	14869.0	17383.0	19749.0	21779.0	25909.0	30001.0	32454.0	32807.0	40184.0	52266.0	46443.0	53210.0	58712.0	66406.0	61584.0	64581.0	104118.0	302336.0	763135.0	3876487.0
209173_HY5CNBGXT_TCDM_2_G06_X9_35_2_o_GCATGG_S47_trim1	2820.0	2820.0	2777.0	2939.0	2816.0	3405.0	4139.0	4622.0	5172.0	6206.0	6868.0	8504.0	10158.0	11185.0	13258.0	15427.0	17279.0	19396.0	22517.0	25723.0	27276.0	28033.0	34937.0	46386.0	40963.0	46748.0	51064.0	55421.0	50569.0	54495.0	92370.0	273163.0	710435.0	3636256.0
209174_HY5CNBGXT_TCDM_2_H06_C64_3_2_o_AATAGC_S48_trim1	3937.0	3872.0	4152.0	4615.0	4866.0	6178.0	7443.0	8353.0	9814.0	12023.0	12670.0	16259.0	19764.0	22184.0	26223.0	30531.0	35609.0	38878.0	46101.0	52801.0	55111.0	54518.0	66001.0	86057.0	74268.0	82937.0	90385.0	95673.0	86337.0	90064.0	134687.0	339478.0	732274.0	3909933.0
209175_HY5CNBGXT_TCDM_2_A07_X9_35_1_i_GTGCCA_S49_trim1	3281.0	3124.0	2966.0	3276.0	3422.0	4024.0	4601.0	5526.0	6117.0	7279.0	7783.0	9438.0	11335.0	12382.0	15354.0	18336.0	22683.0	24487.0	27023.0	29628.0	30916.0	31674.0	40186.0	54550.0	49412.0	53465.0	57971.0	62707.0	61065.0	64740.0	95676.0	223664.0	517232.0	2854211.0
209176_HY5CNBGXT_TCDM_2_B07_C64_3_3_i_TCGAGG_S50_trim1	8070.0	8181.0	8053.0	8909.0	9467.0	11219.0	14818.0	15992.0	17415.0	20022.0	20345.0	24321.0	28240.0	30475.0	35263.0	40746.0	47582.0	50445.0	55727.0	62173.0	61429.0	60668.0	73703.0	93129.0	78196.0	84769.0	86207.0	87793.0	80793.0	82639.0	108375.0	214399.0	417705.0	2208107.0
209177_HY5CNBGXT_TCDM_2_C07_C17_3_3_i_CACTAA_S51_trim1	3703.0	3852.0	3730.0	4332.0	4830.0	5731.0	6784.0	7292.0	8403.0	10099.0	10870.0	13075.0	15664.0	17269.0	20328.0	23044.0	26711.0	29041.0	33353.0	37783.0	39112.0	39320.0	47265.0	61126.0	53330.0	59169.0	63447.0	67935.0	63607.0	67068.0	101584.0	254208.0	591281.0	3038317.0
209178_HY5CNBGXT_TCDM_2_D07_X9_35_1_o_GGTATA_S52_trim1	3032.0	2817.0	2795.0	3150.0	3407.0	3803.0	3767.0	4906.0	5551.0	6453.0	6772.0	8425.0	9731.0	10274.0	11944.0	13409.0	15640.0	16417.0	18594.0	20225.0	20020.0	19961.0	23560.0	30769.0	26846.0	28746.0	30971.0	31441.0	29032.0	30015.0	40628.0	79990.0	149354.0	829906.0
209179_HY5CNBGXT_TCDM_2_E07_X2_24_3_i_CGCCTG_S53_trim1	4560.0	4429.0	4132.0	4090.0	3939.0	4246.0	5111.0	5436.0	6117.0	7218.0	8215.0	10483.0	16698.0	15291.0	14840.0	16060.0	18851.0	20874.0	23410.0	26684.0	28672.0	29279.0	35008.0	44394.0	38009.0	41050.0	44069.0	48423.0	44805.0	50489.0	87270.0	285930.0	790545.0	3420009.0
209180_HY5CNBGXT_TCDM_2_F07_X2_24_2_o_AATGAA_S54_trim1	3906.0	4215.0	4518.0	5101.0	5929.0	6964.0	8702.0	9014.0	9637.0	11243.0	12215.0	15508.0	20094.0	21627.0	24553.0	28751.0	33186.0	37609.0	42586.0	49417.0	51805.0	51734.0	63610.0	81369.0	68428.0	76592.0	76817.0	80068.0	74043.0	81991.0	115708.0	284932.0	746336.0	3090024.0
209181_HY5CNBGXT_TCDM_2_G07_X2_24_1_o_ACAACG_S55_trim1	4336.0	4607.0	4655.0	4845.0	5279.0	6345.0	7638.0	8244.0	9432.0	11589.0	12525.0	16144.0	20694.0	22510.0	26278.0	30623.0	35909.0	39956.0	45827.0	52751.0	56172.0	56125.0	66935.0	86286.0	72045.0	82148.0	85270.0	90292.0	81959.0	89274.0	135522.0	359635.0	855408.0	3988950.0
209182_HY5CNBGXT_TCDM_2_H07_X10_39_2_i_ATATCC_S56_trim1	3190.0	3231.0	3196.0	3350.0	3441.0	4160.0	5151.0	5271.0	5944.0	7098.0	7679.0	9383.0	12357.0	13103.0	14479.0	16235.0	19254.0	20753.0	24199.0	27224.0	29483.0	30250.0	37607.0	48850.0	42174.0	47160.0	50366.0	55317.0	51942.0	56730.0	97102.0	300261.0	788648.0	3729849.0
209183_HY5CNBGXT_TCDM_2_A08_X2_24_3_o_AGTACT_S57_trim1	4130.0	4285.0	4199.0	4518.0	5232.0	6036.0	7467.0	8216.0	9092.0	10665.0	11551.0	14491.0	18141.0	20833.0	24359.0	29254.0	34917.0	39089.0	45409.0	53751.0	57444.0	57926.0	72397.0	92941.0	79414.0	92547.0	93739.0	98806.0	89323.0	100604.0	156817.0	452253.0	1123048.0	5357616.0
209184_HY5CNBGXT_TCDM_2_B08_X2_24_2_i_ATAAGA_S58_trim1	4295.0	4284.0	4299.0	4212.0	4152.0	4636.0	5655.0	6034.0	6541.0	7507.0	8564.0	10527.0	15587.0	14826.0	14549.0	15697.0	17729.0	19521.0	21728.0	24536.0	26442.0	27100.0	31906.0	39534.0	34154.0	37015.0	38892.0	42722.0	40152.0	45698.0	79125.0	257714.0	729315.0	3004642.0
209185_HY5CNBGXT_TCDM_2_C08_X10_39_3_o_GGTGAG_S59_trim1	2421.0	2265.0	2097.0	2267.0	2305.0	2695.0	3032.0	3732.0	4169.0	4647.0	5287.0	6406.0	7962.0	8507.0	9885.0	11129.0	12732.0	13664.0	16134.0	18873.0	19967.0	20579.0	26060.0	35019.0	30635.0	34837.0	37844.0	41642.0	39408.0	43637.0	78246.0	260182.0	698706.0	3523223.0
209186_HY5CNBGXT_TCDM_2_D08_X10_39_2_o_TTCCGC_S60_trim1	1964.0	2015.0	1970.0	2108.0	2325.0	2594.0	3406.0	3970.0	4492.0	5303.0	5781.0	7194.0	8735.0	10011.0	11910.0	13683.0	16346.0	17370.0	20639.0	24177.0	26291.0	27169.0	34834.0	47215.0	41462.0	47084.0	51209.0	56105.0	52942.0	58715.0	100142.0	293605.0	747564.0	3790539.0
209187_HY5CNBGXT_TCDM_2_E08_X2_24_1_i_GAAGTG_S61_trim1	2393.0	2425.0	2351.0	2480.0	2505.0	2966.0	3542.0	3954.0	4662.0	5454.0	5718.0	7013.0	8454.0	9671.0	11443.0	13458.0	16228.0	17538.0	20002.0	22543.0	23980.0	24604.0	29684.0	39053.0	34962.0	38512.0	42509.0	47330.0	44983.0	48909.0	89315.0	292228.0	780225.0	3872330.0
209188_HY5CNBGXT_TCDM_2_F08_X10_39_3_i_CAATGC_S62_trim1	4227.0	4147.0	3943.0	4034.0	3980.0	4391.0	5125.0	5580.0	6334.0	7565.0	8440.0	10338.0	13341.0	13717.0	14750.0	16212.0	18688.0	19857.0	22585.0	25987.0	27815.0	29401.0	33980.0	43686.0	38436.0	41966.0	45127.0	50220.0	46557.0	51920.0	88631.0	273159.0	752441.0	3431603.0
209189_HY5CNBGXT_TCDM_2_G08_X5_36_3_i_ACGTCT_S63_trim1	2543.0	2665.0	2738.0	3291.0	3770.0	4184.0	5335.0	5661.0	6842.0	8165.0	9037.0	11233.0	14355.0	16164.0	19337.0	22856.0	26808.0	30552.0	35896.0	40427.0	43001.0	43158.0	52716.0	69432.0	62099.0	70975.0	76124.0	82357.0	73897.0	79050.0	121529.0	314938.0	764527.0	3700112.0
209190_HY5CNBGXT_TCDM_2_H08_C64_4_2_i_CAGGAC_S64_trim1	2667.0	2890.0	2974.0	3574.0	4362.0	5374.0	7070.0	7893.0	9193.0	11508.0	12659.0	16232.0	20744.0	23460.0	28101.0	34853.0	41652.0	46631.0	55183.0	63713.0	67698.0	69003.0	85970.0	110679.0	93825.0	109276.0	113336.0	115333.0	101156.0	106960.0	154401.0	369727.0	826335.0	3860254.0
209191_HY5CNBGXT_TCDM_2_A09_C64_4_3_i_AAGCTC_S65_trim1	3326.0	3619.0	3654.0	3939.0	4838.0	5499.0	7000.0	7200.0	7700.0	9391.0	9936.0	11866.0	14780.0	16361.0	19030.0	21925.0	24753.0	27069.0	31659.0	35903.0	37300.0	38253.0	47279.0	58647.0	51191.0	58595.0	62378.0	65964.0	59961.0	64384.0	101735.0	300750.0	781687.0	3685081.0
209192_HY5CNBGXT_TCDM_2_B09_X5_36_2_i_GACGAT_S66_trim1	4972.0	4982.0	5360.0	5436.0	6145.0	6989.0	8497.0	8755.0	9577.0	11417.0	12210.0	15290.0	18883.0	20807.0	23462.0	26424.0	29708.0	32300.0	38192.0	42341.0	44274.0	44307.0	53434.0	67283.0	59392.0	66769.0	71828.0	75903.0	68356.0	74217.0	114891.0	332130.0	856884.0	4044687.0
209193_HY5CNBGXT_TCDM_2_C09_C64_4_1_i_TCGTTC_S67_trim1	6399.0	6744.0	6769.0	6502.0	6938.0	7468.0	8876.0	9187.0	9517.0	11287.0	14187.0	18541.0	35682.0	30751.0	25543.0	24527.0	27791.0	30764.0	33940.0	36196.0	39407.0	41785.0	48598.0	58256.0	50404.0	56939.0	54600.0	55333.0	50216.0	56277.0	81548.0	224752.0	794121.0	2659328.0
209194_HY5CNBGXT_TCDM_2_D09_C14_4_3_o_CCAATT_S68_trim1	8087.0	8027.0	8055.0	7981.0	8604.0	9765.0	11245.0	11595.0	12528.0	14372.0	16112.0	19577.0	26611.0	27346.0	28484.0	31180.0	34548.0	37337.0	43508.0	48815.0	51946.0	52214.0	62041.0	77151.0	66194.0	76231.0	80725.0	86447.0	77380.0	83840.0	128527.0	362574.0	920833.0	4197054.0
209195_HY5CNBGXT_TCDM_2_E09_C64_4_2_o_AGTTGA_S69_trim1	4466.0	4785.0	4432.0	4920.0	5463.0	6292.0	7491.0	7790.0	8379.0	9612.0	10193.0	12390.0	14817.0	16255.0	18919.0	21469.0	24700.0	26734.0	31308.0	35642.0	36828.0	37984.0	46233.0	59131.0	51149.0	58617.0	63679.0	68292.0	62128.0	65882.0	106892.0	333708.0	879031.0	4396618.0
209196_HY5CNBGXT_TCDM_2_F09_C64_4_1_o_AACCGA_S70_trim1	4587.0	4872.0	4943.0	5667.0	6622.0	7324.0	8613.0	9147.0	9870.0	11377.0	12119.0	14190.0	17203.0	18310.0	20951.0	23666.0	26915.0	29148.0	34559.0	39164.0	40410.0	40476.0	50480.0	63385.0	52867.0	62111.0	67176.0	69578.0	62691.0	65174.0	97026.0	245723.0	640256.0	2726540.0
209197_HY5CNBGXT_TCDM_2_G09_X5_36_1_i_CAGATG_S71_trim1	4452.0	4838.0	4946.0	5284.0	6013.0	7437.0	8904.0	9185.0	10303.0	12258.0	13314.0	16792.0	20377.0	21908.0	25486.0	29452.0	34093.0	37457.0	44525.0	49828.0	50751.0	50932.0	61993.0	78942.0	70224.0	80980.0	88101.0	91165.0	82441.0	84194.0	114319.0	237406.0	596870.0	2584698.0
209198_HY5CNBGXT_TCDM_2_H09_X5_36_2_o_GTAGAA_S72_trim1	6804.0	7121.0	6812.0	7296.0	8412.0	9771.0	11078.0	11844.0	12650.0	14318.0	15338.0	18883.0	22860.0	24563.0	28384.0	32181.0	35788.0	38743.0	44783.0	49975.0	51349.0	51087.0	61873.0	77800.0	67156.0	76682.0	81783.0	86608.0	77429.0	81350.0	122771.0	329270.0	844410.0	4006818.0
209199_HY5CNBGXT_TCDM_2_A10_A03_4_2_i_GACATC_S73_trim1	6993.0	6896.0	6652.0	6824.0	7979.0	8951.0	10549.0	10686.0	11838.0	13831.0	15137.0	17941.0	20764.0	22925.0	26287.0	29356.0	33222.0	35033.0	39715.0	43555.0	44689.0	44492.0	53605.0	69484.0	60876.0	65973.0	68075.0	74486.0	68092.0	71393.0	112921.0	303711.0	734634.0	3741003.0
209200_HY5CNBGXT_TCDM_2_B10_A03_4_3_o_CGATCT_S74_trim1	9153.0	9060.0	8872.0	9649.0	11134.0	12508.0	14405.0	15143.0	17017.0	20877.0	22210.0	27114.0	31601.0	33998.0	38323.0	42548.0	48184.0	51117.0	58717.0	63365.0	63828.0	62637.0	74123.0	93885.0	79960.0	86985.0	89665.0	94510.0	86335.0	85459.0	114042.0	231758.0	569471.0	2531714.0
209201_HY5CNBGXT_TCDM_2_C10_A27_4_1_i_CGTCGC_S75_trim1	5909.0	6069.0	6014.0	6256.0	7243.0	8418.0	10174.0	9881.0	10798.0	12671.0	13500.0	16270.0	19900.0	21084.0	23585.0	26877.0	29858.0	32108.0	36853.0	41723.0	43130.0	42381.0	51100.0	63228.0	54555.0	62347.0	63143.0	66486.0	59800.0	62783.0	91426.0	231470.0	635002.0	2773200.0
209202_HY5CNBGXT_TCDM_2_D10_A27_4_1_o_ATGGCG_S76_trim1	7393.0	7399.0	7153.0	7132.0	7480.0	7664.0	9325.0	10018.0	10661.0	11998.0	12750.0	15555.0	17665.0	18254.0	18736.0	19991.0	21689.0	22376.0	24051.0	25666.0	24680.0	23139.0	25666.0	30036.0	24326.0	25638.0	25957.0	26623.0	25142.0	23511.0	28774.0	51441.0	171586.0	638307.0
209203_HY5CNBGXT_TCDM_2_E10_A27_4_2_o_ATTGGT_S77_trim1	9981.0	10174.0	9499.0	9744.0	10019.0	11058.0	13573.0	14463.0	15610.0	17595.0	18550.0	22217.0	28526.0	29878.0	31542.0	33576.0	36988.0	39477.0	45863.0	52388.0	54142.0	52329.0	61572.0	78070.0	65980.0	77622.0	80874.0	84067.0	74915.0	78495.0	121196.0	341782.0	873748.0	4141654.0
209204_HY5CNBGXT_TCDM_2_F10_X4_24_1_o_GCCACA_S78_trim1	7261.0	7505.0	7423.0	8014.0	9390.0	10176.0	12112.0	12797.0	13569.0	15416.0	15586.0	19082.0	22979.0	25752.0	28881.0	32174.0	36277.0	39132.0	45706.0	52355.0	54339.0	53213.0	65362.0	81616.0	70436.0	80613.0	82515.0	86413.0	76760.0	81141.0	122539.0	312157.0	793388.0	3592146.0
209205_HY5CNBGXT_TCDM_2_G10_A27_4_2_i_CATCTA_S79_trim1	7877.0	8134.0	7319.0	7845.0	9227.0	10298.0	12086.0	11891.0	12896.0	14527.0	15121.0	18096.0	21780.0	23669.0	26685.0	30198.0	33568.0	36017.0	41032.0	46751.0	48672.0	47867.0	58203.0	72295.0	62245.0	71860.0	73251.0	76395.0	69488.0	74601.0	114325.0	328368.0	869024.0	4211983.0
209206_HY5CNBGXT_TCDM_2_H10_A27_4_3_i_AACAAG_S80_trim1	10988.0	11308.0	10993.0	11005.0	12372.0	14122.0	17154.0	17263.0	17997.0	20306.0	21189.0	25636.0	32238.0	34035.0	36258.0	39547.0	43838.0	47372.0	53784.0	60474.0	62713.0	61978.0	73604.0	90266.0	76244.0	88616.0	88937.0	91930.0	82530.0	88047.0	128505.0	327973.0	831273.0	3799805.0
209207_HY5CNBGXT_TCDM_2_A11_X4_24_2_o_GCAGCC_S81_trim1	3159.0	3148.0	3049.0	3375.0	3469.0	4495.0	5005.0	5678.0	6566.0	8022.0	8384.0	10611.0	12550.0	13611.0	15970.0	18426.0	20831.0	22013.0	25995.0	29189.0	30067.0	30864.0	37025.0	48502.0	44274.0	48054.0	52604.0	57558.0	54705.0	57883.0	96164.0	285827.0	699313.0	3892410.0
209208_HY5CNBGXT_TCDM_2_B11_X4_24_1_i_ACTCTT_S82_trim1	1770.0	1736.0	1721.0	1961.0	2209.0	2627.0	3273.0	3625.0	4297.0	5384.0	5966.0	7590.0	9478.0	10944.0	13510.0	16352.0	19536.0	21162.0	25238.0	29167.0	31547.0	31904.0	39486.0	51600.0	49787.0	54280.0	60358.0	67976.0	65211.0	69478.0	115832.0	304608.0	648818.0	3986568.0
209209_HY5CNBGXT_TCDM_2_C11_X5_36_3_o_TGCTAT_S83_trim1	96.0	72.0	87.0	77.0	113.0	86.0	121.0	143.0	137.0	155.0	184.0	227.0	270.0	288.0	319.0	283.0	392.0	378.0	500.0	503.0	531.0	535.0	615.0	748.0	607.0	672.0	729.0	750.0	735.0	751.0	1049.0	2315.0	6004.0	24687.0
209210_HY5CNBGXT_TCDM_2_D11_X4_24_2_i_AAGTGG_S84_trim1	3933.0	4197.0	4310.0	4608.0	5109.0	5943.0	7838.0	8526.0	9435.0	11073.0	11345.0	14365.0	17358.0	19256.0	22512.0	26341.0	31118.0	34151.0	39630.0	45072.0	46167.0	45757.0	57241.0	73414.0	63702.0	69892.0	73328.0	77029.0	70525.0	73913.0	105909.0	249098.0	535834.0	2769334.0
209211_HY5CNBGXT_TCDM_2_E11_X4_24_3_o_CTCATA_S85_trim1	3689.0	3654.0	3577.0	3934.0	4143.0	4970.0	5933.0	5977.0	6830.0	7684.0	8306.0	10379.0	12195.0	13716.0	15784.0	18269.0	20565.0	22943.0	26311.0	30341.0	31631.0	31750.0	39085.0	51228.0	44404.0	51460.0	54684.0	59574.0	54454.0	59697.0	100242.0	299099.0	777509.0	3782189.0
209212_HY5CNBGXT_TCDM_2_F11_BLANK_AATCCG_S86_trim1	69.0	55.0	61.0	53.0	70.0	60.0	61.0	74.0	92.0	85.0	97.0	116.0	120.0	140.0	151.0	159.0	173.0	182.0	227.0	188.0	212.0	242.0	247.0	303.0	246.0	282.0	302.0	324.0	296.0	348.0	516.0	1121.0	2861.0	8155.0
209213_HY5CNBGXT_TCDM_2_G11_A03_4_1_i_GGCCAA_S87_trim1	3388.0	3247.0	3306.0	3574.0	3952.0	4480.0	4993.0	6005.0	7007.0	8499.0	9024.0	11372.0	13320.0	14537.0	17160.0	19711.0	22548.0	24058.0	28044.0	31353.0	32527.0	33060.0	39691.0	52258.0	46549.0	50826.0	55512.0	60743.0	57547.0	60794.0	97827.0	259666.0	606327.0	3246201.0
209214_HY5CNBGXT_TCDM_2_H11_X8_37_2_i_AGACCA_S88_trim1	4800.0	4896.0	4638.0	5011.0	5345.0	5882.0	7500.0	7713.0	8160.0	8977.0	9727.0	11962.0	14900.0	16512.0	18103.0	20542.0	23578.0	25866.0	30110.0	34837.0	36531.0	36963.0	45544.0	57945.0	49299.0	56661.0	57574.0	61211.0	55891.0	61384.0	97881.0	282445.0	776020.0	3556208.0
209215_HY5CNBGXT_TCDM_2_A12_X4_24_3_i_CGCGGA_S89_trim1	3766.0	4012.0	4032.0	4405.0	4937.0	5615.0	6985.0	7476.0	8522.0	9891.0	10465.0	13212.0	15629.0	17656.0	20748.0	24596.0	28955.0	31773.0	37066.0	42450.0	43616.0	43931.0	54768.0	70876.0	62844.0	70285.0	74336.0	80444.0	73723.0	79319.0	127462.0	369311.0	885722.0	4571790.0
209216_HY5CNBGXT_TCDM_2_B12_X8_37_3_o_CCTGCT_S90_trim1	3833.0	4186.0	4142.0	4565.0	5415.0	6110.0	7415.0	7635.0	8871.0	10539.0	11165.0	14129.0	16531.0	18586.0	21420.0	24772.0	28562.0	30996.0	36749.0	42717.0	43878.0	44027.0	53972.0	69937.0	61544.0	70347.0	75137.0	79728.0	73956.0	77898.0	116242.0	288652.0	684114.0	3456643.0
209217_HY5CNBGXT_TCDM_2_C12_X8_37_2_o_GCGCTG_S91_trim1	3083.0	3117.0	3114.0	3345.0	3785.0	4503.0	5729.0	5913.0	6523.0	7510.0	7812.0	9877.0	12186.0	13655.0	16040.0	18435.0	21481.0	23562.0	27878.0	32637.0	34398.0	34178.0	42430.0	55716.0	48174.0	55620.0	58874.0	62420.0	57401.0	61699.0	95628.0	260003.0	637130.0	3230071.0
209218_HY5CNBGXT_TCDM_2_D12_X8_37_1_o_GAACCT_S92_trim1	2381.0	2486.0	2571.0	2829.0	3482.0	3639.0	4754.0	4867.0	5484.0	6344.0	6562.0	8232.0	10309.0	11668.0	13923.0	16460.0	19234.0	21114.0	24904.0	29329.0	30887.0	31180.0	39368.0	51639.0	44951.0	51987.0	54998.0	59851.0	55117.0	59486.0	95332.0	265031.0	670839.0	3428845.0
209219_HY5CNBGXT_TCDM_2_E12_X8_37_3_i_TTCGAG_S93_trim1	3241.0	3383.0	3298.0	3529.0	3887.0	4564.0	5657.0	6368.0	6995.0	8320.0	8607.0	10816.0	13128.0	14566.0	17336.0	20602.0	24304.0	26695.0	31326.0	36050.0	38290.0	38918.0	47984.0	61882.0	55002.0	63522.0	69927.0	76731.0	72349.0	76702.0	121452.0	341420.0	818631.0	4466668.0
209220_HY5CNBGXT_TCDM_2_F12_C14_4_1_i_AGAATC_S94_trim1	3543.0	3801.0	3795.0	3946.0	4831.0	5628.0	6980.0	7313.0	8033.0	9588.0	10170.0	12517.0	14809.0	16924.0	20188.0	23482.0	27837.0	30372.0	35409.0	40345.0	42454.0	42514.0	52345.0	68035.0	59547.0	67108.0	72704.0	77820.0	71642.0	75805.0	119229.0	321752.0	785150.0	4095740.0
209221_HY5CNBGXT_TCDM_2_G12_X8_37_1_i_AGGCAT_S95_trim1	3196.0	3174.0	3330.0	3652.0	4119.0	4507.0	5768.0	6163.0	7124.0	8712.0	9129.0	11495.0	13960.0	15589.0	18424.0	21286.0	25199.0	27304.0	31873.0	36974.0	38671.0	38350.0	46525.0	59928.0	53623.0	60311.0	66298.0	70587.0	65919.0	68154.0	100185.0	238490.0	593034.0	2863208.0
209222_HY5CNBGXT_TCDM_2_H12_C14_4_1_o_ACACGC_S96_trim1	4480.0	4518.0	4597.0	5123.0	5640.0	6462.0	7676.0	8488.0	10065.0	11854.0	12426.0	15282.0	18356.0	20587.0	24198.0	27939.0	31884.0	34275.0	40491.0	46562.0	48639.0	48624.0	58881.0	77815.0	68699.0	78565.0	87898.0	94112.0	88244.0	91379.0	136009.0	327334.0	765304.0	3904874.0
