Sample	1.0	2.0	3.0	4.0	5.0	6.0	7.0	8.0	9.0	>10	>50	>100	>500	>1k	>5k	>10k+
209031_HY55YBGXT_TCDM_1_A01_A04_1_2_o_CAGCGT_S1_trim1										9.828301019515214	3.050944615756144	6.124195478655137	2.997447379543582	3.566307162936994	1.0468446125316353	0.0
209032_HY55YBGXT_TCDM_1_B01_A04_1_1_o_GATCAC_S2_trim1										7.858947547117561	2.5435451081127765	5.775470280259703	2.0315544236151237	2.7571095749062393	0.0	0.0
209033_HY55YBGXT_TCDM_1_C01_BLANK_ACCAGT_S3_trim1										0.683516134159911	0.0	0.0	0.0	0.0	0.0	0.0
209034_HY55YBGXT_TCDM_1_D01_A04_1_3_i_TGCACG_S4_trim1										11.6692854783544	3.6761389274338883	8.191572808520881	3.260681167767279	2.874416276053821	0.0	0.0
209035_HY55YBGXT_TCDM_1_E01_A04_1_3_o_ACATTA_S5_trim1										10.819441933959023	3.7549035319780293	8.643089243210646	3.6783823401915274	6.277431754265926	2.4953544474783187	2.0426719676424354
209036_HY55YBGXT_TCDM_1_F01_A27_1_2_i_GTGTAG_S6_trim1										12.106578352626492	4.237271736265404	7.857581512958473	3.8864747614767103	5.515217049573492	1.8041145792899564	1.251524663872479
209037_HY55YBGXT_TCDM_1_G01_C17_1_2_o_CTAGTC_S7_trim1										10.734006348385552	2.9622780974938707	6.88443136730407	2.500961368871255	2.880346324337458	0.0	0.0
209038_HY55YBGXT_TCDM_1_H01_C17_1_2_i_TGTGCA_S8_trim1										12.091880754366278	3.916303896794421	7.388455388523181	2.707555036295537	3.515396785605094	0.8751912370056396	0.48465027800120086
209039_HY55YBGXT_TCDM_1_A02_X1_54_2_o_TCAGGA_S9_trim1										11.175160211418097	3.9902055126596987	8.202846184163752	2.8541635701526347	6.525088486280003	1.5157591505716572	2.2564414326317688
209040_HY55YBGXT_TCDM_1_B02_X9_27_1_i_CGGTTA_S10_trim1										12.023584498096012	3.851568905889974	7.920391044798023	2.3214443144017456	0.7931181768292297	0.0	0.0
209041_HY55YBGXT_TCDM_1_C02_X9_27_2_i_TTAACT_S11_trim1										7.679852428776389	2.307849969255995	2.9073580651772906	0.0	0.0	0.0	0.0
209042_HY55YBGXT_TCDM_1_D02_X9_27_3_o_ATGAAC_S12_trim1										9.552305256001246	2.8062155791623886	7.356622293476295	0.0	0.0	0.0	0.0
209043_HY55YBGXT_TCDM_1_E02_X11_57_2_o_CCTAAG_S13_trim1										9.561890482558475	2.743759182922388	6.747576148168221	1.6932026449971298	3.696705610949351	0.0	0.0
209044_HY55YBGXT_TCDM_1_F02_X11_57_3_o_AATCCG_S14_trim1										8.902544466403162	3.8275074110671934	3.196022727272727	1.0282855731225296	0.0	0.0	0.0
209045_HY55YBGXT_TCDM_1_G02_X9_27_2_o_GGCTGC_S15_trim1										12.475269283072242	4.398109618642667	7.656886055682448	3.044105487255403	4.547344309716999	1.2083460962462576	0.18760120524988444
209046_HY55YBGXT_TCDM_1_H02_X11_57_1_o_TACCTT_S16_trim1										8.131868131868131	1.8076923076923077	2.423076923076923	0.0	0.0	0.0	0.0
209047_HY55YBGXT_TCDM_1_A03_A27_1_1_i_TCTTAA_S17_trim1										11.515092635595424	4.074615991531247	7.591737033594077	3.4154954599564524	6.008719520643907	1.6390304689667106	2.0578429439646078
209048_HY55YBGXT_TCDM_1_B03_X1_54_2_i_GTCAGG_S18_trim1										8.19173382529048	0.8350325274298475	1.3723015179467262	0.0	0.0	0.0	0.0
209049_HY55YBGXT_TCDM_1_C03_X11_57_2_i_ATACTG_S19_trim1										0.2782048466212753	0.0	0.0	0.0	0.0	0.0	0.0
209050_HY55YBGXT_TCDM_1_D03_X9_27_3_i_TATGTC_S20_trim1										0.6510003175611305	0.0	0.0	0.0	0.0	0.0	0.0
209051_HY55YBGXT_TCDM_1_E03_C17_1_3_i_GAGTCC_S21_trim1										3.7815936716187535	0.0	2.006559907389543	0.0	0.0	0.0	0.0
209052_HY55YBGXT_TCDM_1_F03_X11_57_3_i_GGAGGT_S22_trim1										12.341064937067477	4.581041090038011	9.710416650300534	3.4442769915749114	7.619284644989767	2.052206257648222	2.055561785237031
209053_HY55YBGXT_TCDM_1_G03_X9_27_1_o_CACACT_S23_trim1										10.229275684103863	3.521386811564838	6.616494389244335	1.992712784565504	4.774959012039173	0.7037514600212521	0.0
209054_HY55YBGXT_TCDM_1_H03_A04_1_2_o_CCGCAA_S24_trim1										9.526774918680038	3.174274727600627	5.879754747618298	1.7396673742922282	4.174046428422079	0.5596719018768931	0.0
209055_HY55YBGXT_TCDM_1_A04_X4_67_2_o_TTTATG_S25_trim1										14.549908908287575	4.8242211561348505	8.118688773292913	2.368517421950178	4.091755690004532	0.29159886947214286	0.0
209056_HY55YBGXT_TCDM_1_B04_C64_1_2_o_AACGCC_S26_trim1										14.149221016158956	4.397121377670412	8.54042020897729	2.590906612612396	4.0285229126143705	0.8047348513635935	0.0
209057_HY55YBGXT_TCDM_1_C04_A04_1_1_i_CAAGCA_S27_trim1										14.126644441569812	4.32772144708597	6.629766401670775	1.7233891143533222	1.7770083421920218	0.07484888466087058	0.0
209058_HY55YBGXT_TCDM_1_D04_X4_67_3_i_GCTCGA_S28_trim1										11.567428391853968	3.5189794322715975	6.788077756418325	1.6661003946650292	2.53173563883162	0.0	0.0
209059_HY55YBGXT_TCDM_1_E04_A04_1_2_i_GCGAAT_S29_trim1										15.24517015174654	4.645922976453246	7.65501426164544	2.139769491933318	2.350036403874647	0.09913886651768289	0.0
209060_HY55YBGXT_TCDM_1_F04_C17_1_1_i_TGGATT_S30_trim1										15.686408557179005	5.418614414687574	10.054197748834712	3.2832652716082515	4.836297323455581	0.72718100084926	0.4532748471531279
209061_HY55YBGXT_TCDM_1_G04_X4_67_2_i_ACCTAC_S31_trim1										14.928037227447854	5.095042237307715	9.020424178248074	2.4487458570503566	4.105924283833866	0.2667897480347172	0.14555491836489573
209062_HY55YBGXT_TCDM_1_H04_X4_67_1_i_CGAAGG_S32_trim1										15.303901621772969	4.599222570051516	8.220656729139934	2.335688344859114	3.192421825021272	0.18300507277192007	0.11804209876488773
209063_HY55YBGXT_TCDM_1_A05_C64_1_2_i_AGATAG_S33_trim1										12.053106107535632	4.515100572210265	9.268346765169163	3.1093835249151183	7.103346708171099	1.7595331949933495	1.8325211303267257
209064_HY55YBGXT_TCDM_1_B05_C64_1_1_o_TTGGTA_S34_trim1										12.425753719761392	3.9895587346516956	7.329202972371397	2.30407173815691	3.7350305896480087	0.8637012595092232	0.3647193755721003
209065_HY55YBGXT_TCDM_1_C05_X5_31_3_i_GTTACC_S35_trim1										12.428540639162206	4.351897653498615	8.609991173893707	3.3486763450992845	5.750392928139979	1.692706154192624	1.9440485873015338
209066_HY55YBGXT_TCDM_1_D05_X4_67_3_o_CGCAAC_S36_trim1										9.928314677170736	3.397423230893605	7.361765059481449	2.010108008651451	1.5859411491987294	0.0	0.0
209067_HY55YBGXT_TCDM_1_E05_X5_31_2_i_TGGCGA_S37_trim1										12.381487077205355	4.4761779632277285	8.190314890737232	3.4923135991998504	5.800162288716265	1.8726020099534477	2.4004884031229405
209068_HY55YBGXT_TCDM_1_F05_C17_1_1_o_ACCGTG_S38_trim1										1.9888975922078806	0.0	0.0	0.0	0.0	0.0	0.0
209069_HY55YBGXT_TCDM_1_G05_A20_1_1_o_CAACAG_S39_trim1										9.304116127737014	2.753171153367103	6.357546887370245	2.2578139096343026	2.6204564606872904	0.0	0.0
209070_HY55YBGXT_TCDM_1_H05_C17_1_3_o_GATTGT_S40_trim1										12.777990548250884	4.920025725565347	10.74616216860106	3.933474053581794	7.17073053632753	2.443625204905462	3.7643552240186424
209071_HY55YBGXT_TCDM_1_A06_A20_1_1_i_CTCTCG_S41_trim1										12.18083725086727	4.456988846541708	8.438119758840982	2.9927011764299882	5.463339578721944	1.4427755237658233	1.2712406122633266
209072_HY55YBGXT_TCDM_1_B06_A20_1_2_o_TGACAC_S42_trim1										7.792066675226074	2.490682209755507	4.770819666881974	1.499026248111577	1.9269920205628288	0.0	0.0
209073_HY55YBGXT_TCDM_1_C06_X5_31_1_o_AAGACA_S43_trim1										3.22601162425188	0.9954095110486465	0.36896512542869836	0.0	0.0	0.0	0.0
209074_HY55YBGXT_TCDM_1_D06_X4_67_1_o_ACAGAT_S44_trim1										9.566558406634353	2.475577689764069	5.406089601471026	0.0	0.0	0.0	0.0
209075_HY55YBGXT_TCDM_1_E06_A27_1_2_o_TAGGCT_S45_trim1										12.216432359533377	3.7925959893615357	7.839395933356775	2.6424157088537346	2.5582690840374434	0.0	0.0
209076_HY55YBGXT_TCDM_1_F06_X5_31_3_o_CTCCAT_S46_trim1										7.530725359466624	2.783356092858864	4.247730741425014	0.0	1.114145714515222	0.0	0.0
209077_HY55YBGXT_TCDM_1_G06_X5_31_2_o_GCATGG_S47_trim1										8.338531729925561	2.777680295580603	4.467487285380317	0.0	0.7597954255516993	0.0	0.0
209078_HY55YBGXT_TCDM_1_H06_C64_1_3_i_AATAGC_S48_trim1										11.819580178424609	3.9718940544505887	8.436200485278086	2.8491679305576207	4.8135390199452095	1.5296984183904023	1.3687659126543514
209079_HY55YBGXT_TCDM_1_A07_A20_1_2_i_GTGCCA_S49_trim1										11.72468659816369	3.802782256152226	6.970741540559701	2.3197718295719323	2.979271059605989	0.8647779313424142	0.3209322951273375
209080_HY55YBGXT_TCDM_1_B07_A20_1_3_i_TCGAGG_S50_trim1										11.94607052603964	4.0640451842282905	7.913858319803318	2.314693470550095	4.16037375008953	1.1806569884459774	0.3300877145157688
209081_HY55YBGXT_TCDM_1_C07_A20_1_3_o_CACTAA_S51_trim1										12.178116420125933	3.7937108771219843	6.489096776748296	2.1454095773166415	2.8838370921103156	0.4785465005801997	0.0
209082_HY55YBGXT_TCDM_1_D07_A27_1_3_o_GGTATA_S52_trim1										11.349153414033744	3.5847839558366843	6.098828683703497	1.6886829224823117	3.0574809781354357	0.9013134497312071	0.1354189161718064
209083_HY55YBGXT_TCDM_1_E07_A27_1_1_o_CGCCTG_S53_trim1										12.134613641149727	3.9394193427392104	7.465341657838187	2.755759866935932	4.470392910268925	1.0961273658465902	1.2510658504971022
209084_HY55YBGXT_TCDM_1_F07_X5_31_1_i_AATGAA_S54_trim1										11.98082028977595	4.058994032665476	7.87994956264531	3.003395457959155	4.2210508533737405	1.5152471554273803	0.8901513997149795
209085_HY55YBGXT_TCDM_1_G07_X11_57_1_i_ACAACG_S55_trim1										11.97486505092616	4.030568930575376	8.420343909577275	2.2534222894309424	4.358623390927792	1.6184757522220687	0.7416593842161547
209086_HY55YBGXT_TCDM_1_H07_X2_45_2_i_ATATCC_S56_trim1										12.246488058210288	4.110700257309266	7.2055244897403545	2.57303884041699	3.368222748871467	0.9776125400142213	0.16203308469330283
209087_HY55YBGXT_TCDM_1_A08_X2_45_2_o_AGTACT_S57_trim1										11.44197768234637	4.022075259330355	8.209729751934097	2.641527025846184	5.014925915032869	1.5769264994679677	0.9322587145043595
209088_HY55YBGXT_TCDM_1_B08_X2_45_1_i_ATAAGA_S58_trim1										13.210151127982819	4.401011639483047	8.036602087319219	2.573536498586708	3.9544815527777493	1.0673412636339812	0.2790515881269189
209089_HY55YBGXT_TCDM_1_C08_X2_45_3_o_GGTGAG_S59_trim1										11.84685032302431	3.840047800060354	7.396068588957077	2.070872033702078	3.7854507110663316	1.1944680468247717	0.46033127967563364
209090_HY55YBGXT_TCDM_1_D08_X2_45_3_i_TTCCGC_S60_trim1										13.164347925880767	4.33580398883604	7.255647729486157	2.4371859531697746	3.5829198418469197	0.7970757995940115	0.0
209091_HY55YBGXT_TCDM_1_E08_X2_45_1_o_GAAGTG_S61_trim1										1.2388503468780971	0.0	1.808721506442022	0.0	0.0	0.0	0.0
209092_HY55YBGXT_TCDM_1_F08_X11_68_1_o_CAATGC_S62_trim1										3.430537575798869	0.0	0.5007835388703413	0.0	0.0	0.0	0.0
209093_HY55YBGXT_TCDM_1_G08_X11_68_1_i_ACGTCT_S63_trim1										12.46100808246457	4.138493507200314	8.077479683086178	2.4415643673022425	4.104258013609791	1.4143459703213217	1.0054805308574264
209094_HY55YBGXT_TCDM_1_H08_X11_68_3_i_CAGGAC_S64_trim1										12.598942966668409	4.384586181900926	8.115800293379102	2.778301616138887	4.399332541976555	1.3851930693280172	0.5845371003775502
209095_HY55YBGXT_TCDM_1_A09_X11_68_3_o_AAGCTC_S65_trim1										11.720754340635844	4.163415077682571	8.259570908443187	3.079833908509768	5.32493509047124	1.7782126454382399	1.1433186685566767
209096_HY55YBGXT_TCDM_1_B09_X11_68_2_o_GACGAT_S66_trim1										13.37470148377621	4.400609517331657	6.527777938224373	2.379052339402633	3.289273408079487	0.24239004656592375	0.0
209097_HY55YBGXT_TCDM_1_C09_A20_2_3_o_TCGTTC_S67_trim1										13.188147247849919	5.05623902596278	11.756578079071218	4.944341542871945	6.830592422533072	1.9499825170120748	0.0
209098_HY55YBGXT_TCDM_1_D09_A03_2_1_o_CCAATT_S68_trim1										11.852207388337881	3.8742910535124375	7.589429700207782	2.554660659235442	4.715634097036813	1.660902314791584	0.14290727871883155
209099_HY55YBGXT_TCDM_1_E09_C17_2_3_o_AGTTGA_S69_trim1										12.658059859794513	4.043109979819088	7.738485796004604	2.8254975248449794	3.664216771493468	1.3107466350741586	0.36669185822281847
209100_HY55YBGXT_TCDM_1_F09_A03_2_1_i_AACCGA_S70_trim1										11.522530966314461	3.8573186886084283	6.261169366016846	2.136635337046746	3.2156150257908673	0.7815323662792308	0.0
209101_HY55YBGXT_TCDM_1_G09_C14_2_1_i_CAGATG_S71_trim1										11.912096014292255	3.837445862888992	6.927526475454194	2.3669584423774523	3.0034339539265176	1.25069730729305	0.17671502565101013
209102_HY55YBGXT_TCDM_1_H09_A20_2_2_i_GTAGAA_S72_trim1										11.865919174437726	4.060140137346984	8.33053771913866	2.64866743365554	4.004697949056337	1.5165373480146471	0.575569850510035
209103_HY55YBGXT_TCDM_1_A10_A20_2_1_o_GACATC_S73_trim1										12.270376710478704	3.8968334145521673	7.072044247604353	2.4772235687501727	2.9084488820034164	1.0264236569760579	0.2957731774946644
209104_HY55YBGXT_TCDM_1_B10_C14_2_2_o_CGATCT_S74_trim1										11.247788798285532	3.521830604016353	7.3624774998441485	1.8778286613516226	3.557012305118291	1.6241426578488154	0.0
209105_HY55YBGXT_TCDM_1_C10_A04_2_3_o_CGTCGC_S75_trim1										8.832692659902957	3.2685150027564744	5.098152649739647	0.7648155159365077	3.588757199350581	0.0	0.0
209106_HY55YBGXT_TCDM_1_D10_A04_2_1_o_ATGGCG_S76_trim1										7.236900103001605	2.2407034746146057	3.8225400466440234	0.8798792180093334	0.43854959444225067	0.0	0.0
209107_HY55YBGXT_TCDM_1_E10_A04_2_1_i_ATTGGT_S77_trim1										8.072889079041211	2.1568977255340975	3.209618435517806	1.6079467973666277	0.8654699589947129	0.0	0.0
209108_HY55YBGXT_TCDM_1_F10_A04_2_3_i_GCCACA_S78_trim1										9.467408764615518	3.4048642788459342	6.130814301148142	1.137081938282324	3.8721502649220687	0.25176340135508823	0.0
209109_HY55YBGXT_TCDM_1_G10_A20_2_1_i_CATCTA_S79_trim1										12.366634026721417	4.261611435873197	7.708591448875005	2.825435898441256	3.4489030506178144	0.99652986124624	0.3491007800632866
209110_HY55YBGXT_TCDM_1_H10_A04_2_2_o_AACAAG_S80_trim1										10.59740176990264	3.787708872177527	7.773033610795932	2.8762315619065193	4.848499749807054	2.415679997411195	0.6627616083457337
209111_HY55YBGXT_TCDM_1_A11_A04_2_2_i_GCAGCC_S81_trim1										11.90341694027709	3.833240467769245	6.433200993977885	1.9480837383921	3.103702665784002	0.35519196315836327	0.27140490278203305
209112_HY55YBGXT_TCDM_1_B11_A20_2_2_o_ACTCTT_S82_trim1										12.14317358101014	3.8892476309824806	7.1012444333037275	2.1922943190086355	2.8846659819703957	1.0622139240576742	0.3151644713428614
209113_HY55YBGXT_TCDM_1_C11_C17_2_1_i_TGCTAT_S83_trim1										12.954567380634705	4.237325260108721	7.338961897673856	2.6977587868178046	3.463415092985501	1.0663560647821246	0.0
209114_HY55YBGXT_TCDM_1_D11_A03_2_3_i_AAGTGG_S84_trim1										13.41238029629829	4.274820641936388	6.629269762642473	1.9884559627161065	2.743600520567097	0.0	0.0
209115_HY55YBGXT_TCDM_1_E11_C14_2_3_i_CTCATA_S85_trim1										11.782599176151596	3.827805575712648	7.221077669391248	2.308759086503524	4.528714908769974	1.4040223740326687	0.0
209116_HY55YBGXT_TCDM_1_F11_C14_2_1_i_CCGACC_S86_trim1										11.440390313533605	3.5546534660330744	7.056827175682752	1.9381390514666759	2.72952278784857	1.118142813935424	0.19889512450773586
209117_HY55YBGXT_TCDM_1_G11_A20_2_3_o_GGCCAA_S87_trim1										11.39052246703998	3.5397618946939935	6.856884941366924	2.173375381838057	3.439282267619844	1.0490621024855322	0.6335979401775906
209118_HY55YBGXT_TCDM_1_H11_C14_2_2_i_AGACCA_S88_trim1										12.758119250013511	4.063550418942525	7.096964459651131	2.137987394023351	3.5652176120699424	0.6931913435931758	0.0
209119_HY55YBGXT_TCDM_1_A12_C14_2_3_o_CGCGGA_S89_trim1										12.27807383641062	3.5592835839734063	5.725967897764099	2.0555540464903257	1.9386769580023433	0.4132634666265819	0.0
209120_HY55YBGXT_TCDM_1_B12_C17_2_2_i_CCTGCT_S90_trim1										12.463359398162838	4.223709973667286	8.306349965064037	3.0802954368082385	4.801129895152666	1.7838003842434322	1.3900657555569806
209121_HY55YBGXT_TCDM_1_C12_A03_2_3_o_GCGCTG_S91_trim1										12.16063374481829	3.6449858319818977	5.677339799551715	1.4773753308966098	2.0937196990466966	0.17629619613286052	0.0
209122_HY55YBGXT_TCDM_1_D12_C17_2_3_i_GAACCT_S92_trim1										11.80126239664434	3.8335476520831047	7.867826169645921	2.693503123621129	4.131792513826859	1.4647566399263825	0.2601561600282656
209123_HY55YBGXT_TCDM_1_E12_A03_2_2_o_TTCGAG_S93_trim1										11.985422640561184	3.5650459546479647	5.983587576519453	1.8543350349588272	3.211638995956276	0.8037725657678284	0.0
209124_HY55YBGXT_TCDM_1_F12_C17_2_2_o_AGAATC_S94_trim1										11.77478127631429	3.614104913535918	6.272334751976157	1.9518739667988523	2.964784568100911	0.585770007508604	0.0
209125_HY55YBGXT_TCDM_1_G12_X8_415_3_i_AGGCAT_S95_trim1										11.87518354371127	3.8316561504452826	6.653075423838508	2.344678126843412	3.803992581617418	0.4999229451233723	0.2812049534329833
209126_HY55YBGXT_TCDM_1_H12_X8_415_3_o_ACACGC_S96_trim1										11.063881679128173	3.5717972712532853	7.093454862654896	2.161611273133364	3.8144116547946942	1.0924415943426025	0.6046598327785532
209127_HY5CNBGXT_TCDM_2_A01_X4_46_1_o_CAGCGT_S1_trim1										11.182178855235964	2.913127042876542	4.62861526807125	1.3469642091552299	0.9051149820494214	0.0	0.0
209128_HY5CNBGXT_TCDM_2_B01_X8_415_2_i_GATCAC_S2_trim1										12.525072990936367	3.633898427148012	5.82771656279484	1.9029372974257286	1.872098132201348	0.0	0.0
209129_HY5CNBGXT_TCDM_2_C01_X8_415_2_o_ACCAGT_S3_trim1										11.474247294850572	3.433238750464828	6.150100637173693	2.0604910250514874	2.3648380515965326	0.20344568877073346	0.0
209130_HY5CNBGXT_TCDM_2_D01_X4_46_3_o_TGCACG_S4_trim1										10.496937221755823	3.0637080822890015	5.113463135249278	1.3238655270207031	1.98206708532538	0.1823541744155192	0.0
209131_HY5CNBGXT_TCDM_2_E01_X4_46_1_i_ACATTA_S5_trim1										11.44899480710264	3.1112466704491353	4.8389711013849	1.556855279452792	1.313304612731368	0.0	0.0
209132_HY5CNBGXT_TCDM_2_F01_C14_3_2_o_GTGTAG_S6_trim1										12.946278469145492	3.380675177285871	5.690125093352736	1.460726055952539	0.8709924723353151	0.0	0.0
209133_HY5CNBGXT_TCDM_2_G01_A03_3_1_o_CTAGTC_S7_trim1										12.611224325156027	3.675374196791065	5.679240445150551	1.2598676113564315	0.6925756420015716	0.0	0.0
209134_HY5CNBGXT_TCDM_2_H01_A03_3_3_o_TGTGCA_S8_trim1										12.34797482960234	3.4265178634664344	6.521735105676643	1.806973445877924	3.1504419126257774	1.2649987470088717	1.4898156191901772
209135_HY5CNBGXT_TCDM_2_A02_X4_32_2_i_TCAGGA_S9_trim1										14.266706606968738	4.315909959334807	7.218498337966563	2.1654361155783572	2.470975088757834	0.19250975257528444	0.7662274577182147
209136_HY5CNBGXT_TCDM_2_B02_C14_3_2_i_CGGTTA_S10_trim1										14.283509210221679	4.119802516244714	6.977072612587831	1.9673911670302906	2.1067604046661907	0.0	0.3653023362817579
209137_HY5CNBGXT_TCDM_2_C02_X4_32_3_i_TTAACT_S11_trim1										14.099810966339167	4.308146765907342	7.430251507387248	2.1247177607459222	2.4374797623704265	0.22230731266389228	0.4268985665941888
209138_HY5CNBGXT_TCDM_2_D02_X4_32_3_o_ATGAAC_S12_trim1										13.381068217894413	3.735814175568694	6.042741640946703	1.3426834453356102	1.7561654673504734	0.0	0.31109292708030156
209139_HY5CNBGXT_TCDM_2_E02_A04_3_2_o_CCTAAG_S13_trim1										10.594627054004627	2.6871359164431383	4.528516352988721	0.7627232735153472	0.17531123411002242	0.0	0.0
209140_HY5CNBGXT_TCDM_2_F02_X4_32_1_i_CCGACC_S14_trim1										15.6950568168055	4.6014575416466315	8.431745735564517	1.7981950659942065	3.6773674657477495	0.9200072731369058	0.44006272858380424
209141_HY5CNBGXT_TCDM_2_G02_A04_3_2_i_GGCTGC_S15_trim1										13.783897818412624	3.7779708869136233	6.377956861335419	1.591894092504615	1.2493635899838773	0.0	0.0
209142_HY5CNBGXT_TCDM_2_H02_A04_3_1_o_TACCTT_S16_trim1										13.189021094784472	3.608466089955989	5.688353571707755	1.400313354117529	1.22223442738852	0.0	0.0
209143_HY5CNBGXT_TCDM_2_A03_C14_3_3_o_TCTTAA_S17_trim1										12.299758734858896	3.637910092108718	5.130315203657948	2.080820207899952	1.5378068566444396	0.0	0.0
209144_HY5CNBGXT_TCDM_2_B03_C14_3_1_i_GTCAGG_S18_trim1										13.894021193350683	4.091880454636938	6.449078214811375	1.8449706586892642	1.8124443216354522	0.0	0.0
209145_HY5CNBGXT_TCDM_2_C03_A04_3_3_o_ATACTG_S19_trim1										11.81461885642401	2.8393211909353373	4.651328990673188	0.651202556225611	0.26208578235934016	0.0	0.0
209146_HY5CNBGXT_TCDM_2_D03_A27_3_3_i_TATGTC_S20_trim1										13.889098363863603	4.012459752777161	6.137912956715052	1.62098916843836	1.3191593317969235	0.0	0.0
209147_HY5CNBGXT_TCDM_2_E03_C14_3_3_i_GAGTCC_S21_trim1										4.758983679806127	1.0602446135787043	0.6096406528077549	0.0	0.0	0.0	0.0
209148_HY5CNBGXT_TCDM_2_F03_A03_3_1_i_GGAGGT_S22_trim1										12.001296983963819	3.7077896728861686	7.104979105480101	1.9714233339834315	2.770566638521967	0.4951310574282138	0.0
209149_HY5CNBGXT_TCDM_2_G03_A03_3_3_i_CACACT_S23_trim1										11.307618936169717	3.1012060461615216	5.143027029833818	1.6372453940045388	0.7830197425363495	0.0	0.0
209150_HY5CNBGXT_TCDM_2_H03_X4_32_1_o_CCGCAA_S24_trim1										13.239816586348313	4.024830797242646	6.272852596713978	1.7106436692168838	2.5439838769122862	0.1412939745670202	0.0
209151_HY5CNBGXT_TCDM_2_A04_A04_3_3_i_TTTATG_S25_trim1										13.896031203140371	3.7856171737608926	6.182461483679284	1.6509323481678575	1.5105074206384257	0.09192013637578682	0.0
209152_HY5CNBGXT_TCDM_2_B04_X4_32_2_o_AACGCC_S26_trim1										0.752954225502325	0.0	0.0	0.0	0.0	0.0	0.0
209153_HY5CNBGXT_TCDM_2_C04_A27_3_1_o_CAAGCA_S27_trim1										13.857136645992583	4.189720848573305	6.345658817150566	1.4975138435913888	1.395503156428533	0.0	0.0
209154_HY5CNBGXT_TCDM_2_D04_A27_3_3_o_GCTCGA_S28_trim1										13.638397321899786	3.8039276946703553	5.869180811732236	1.2040616099354213	0.901131897948424	0.0	0.0
209155_HY5CNBGXT_TCDM_2_E04_A27_3_2_o_GCGAAT_S29_trim1										13.745605756363274	3.7474189250014516	6.073776696258629	1.305788373806311	0.9254348925035759	0.0	0.0
209156_HY5CNBGXT_TCDM_2_F04_X5_66_3_o_TGGATT_S30_trim1										14.041833892157626	3.9655167116412704	6.363970618045883	1.5614677135125206	1.69738294899302	0.08081489387492281	0.0
209157_HY5CNBGXT_TCDM_2_G04_C17_3_1_i_ACCTAC_S31_trim1										13.834446955041088	4.077344512962173	7.570495267545881	2.4073929982519915	2.643150115148165	0.37510743086156206	0.3841007400246972
209158_HY5CNBGXT_TCDM_2_H04_C17_3_1_o_CGAAGG_S32_trim1										13.886374453704953	3.9214294692663487	6.918612391983614	1.845187190125637	2.1736726264624884	0.0	0.16549082930763986
209159_HY5CNBGXT_TCDM_2_A05_C17_3_2_i_AGATAG_S33_trim1										12.742298115308017	3.4255657249858547	6.069171125598014	1.5187613146231915	1.1875394227977598	0.11986361184686577	0.0
209160_HY5CNBGXT_TCDM_2_B05_C17_3_2_o_TTGGTA_S34_trim1										12.49175162325312	3.276310522511184	5.858146114831286	1.7256172596169586	0.7474718393598444	0.12152286709305278	0.0
209161_HY5CNBGXT_TCDM_2_C05_X5_66_2_i_GTTACC_S35_trim1										12.724843310039136	3.601276848211958	5.670726854630209	1.3687102207013875	0.6777466822824207	0.18408904652381103	0.0
209162_HY5CNBGXT_TCDM_2_D05_X5_66_1_i_CGCAAC_S36_trim1										12.953896860901118	3.7192196570597496	5.6385392495980815	1.4429304348998484	1.1760274851209405	0.09927036562474204	0.0
209163_HY5CNBGXT_TCDM_2_E05_C17_3_3_o_TGGCGA_S37_trim1										13.019834001547961	3.49799322081794	5.36201065650114	1.095896605735827	1.0774170344357177	0.0	0.0
209164_HY5CNBGXT_TCDM_2_F05_A03_3_2_o_ACCGTG_S38_trim1										12.92790910678362	3.422635561412426	5.620062137585015	1.0548597055729307	0.9093848820532768	0.10496459067857102	0.0
209165_HY5CNBGXT_TCDM_2_G05_X5_66_3_i_CAACAG_S39_trim1										12.728167473657717	3.6323365869064053	5.469710881256885	1.1202154190093903	1.0012884395940098	0.0	0.0
209166_HY5CNBGXT_TCDM_2_H05_X5_66_1_o_GATTGT_S40_trim1										9.973420533665813	2.75709400017568	5.011441918323805	0.8281404702193884	1.3624698845353698	0.0	0.0
209167_HY5CNBGXT_TCDM_2_A06_X5_66_2_o_CTCTCG_S41_trim1										11.884744721335661	3.3456475371121273	5.274443676156197	1.2782431855526162	0.916816723700836	0.18539646150932523	0.0
209168_HY5CNBGXT_TCDM_2_B06_A27_3_2_i_TGACAC_S42_trim1										12.17007930336908	3.5391748501501405	5.809838490821864	1.8299479613137568	0.8404331412433189	0.0	0.0
209169_HY5CNBGXT_TCDM_2_C06_C64_3_1_o_AAGACA_S43_trim1										11.843592219742995	3.157251711227764	5.303735426016764	1.3623254825999154	0.762149281664373	0.0	0.0
209170_HY5CNBGXT_TCDM_2_D06_X9_35_2_i_ACAGAT_S44_trim1										13.516894470032895	4.077410668522258	7.083553695263088	2.035282860183476	2.1321662439286277	0.0	0.0
209171_HY5CNBGXT_TCDM_2_E06_C64_3_1_i_TAGGCT_S45_trim1										13.648271049078911	4.105314905583667	7.162103132102859	2.3284903315348293	1.8518824677024746	0.0	0.0
209172_HY5CNBGXT_TCDM_2_F06_C14_3_1_o_CTCCAT_S46_trim1										12.76002703786803	3.374026790746139	5.351776420022262	1.5561680034127572	0.6548601668562722	0.0	0.0
209173_HY5CNBGXT_TCDM_2_G06_X9_35_2_o_GCATGG_S47_trim1										12.725085247155828	3.556522097846387	5.788814747140717	1.710189978983703	0.8546222792617186	0.09904224741742736	0.0
209174_HY5CNBGXT_TCDM_2_H06_C64_3_2_o_AATAGC_S48_trim1										12.352178044501343	3.285334794757444	5.355457278250287	1.4288038472471045	1.1610368886793239	0.0	0.0
209175_HY5CNBGXT_TCDM_2_A07_X9_35_1_i_GTGCCA_S49_trim1										13.536085124760472	4.611052134087006	7.400195874335963	2.831411643019941	3.1104933132458785	0.0	0.0
209176_HY5CNBGXT_TCDM_2_B07_C64_3_3_i_TCGAGG_S50_trim1										13.250607673730979	4.224069616972695	7.0334647983508285	2.3474073308361803	2.486094157753543	0.0	0.0
209177_HY5CNBGXT_TCDM_2_C07_C17_3_3_i_CACTAA_S51_trim1										12.523675938115517	3.4561055476821894	5.968553938546868	1.513940376730407	0.9297175283884804	0.11458785222914375	0.0
209178_HY5CNBGXT_TCDM_2_D07_X9_35_1_o_GGTATA_S52_trim1										10.580354185868353	2.936241597318014	4.484269242174492	1.033937049982845	0.07165059657809104	0.0	0.0
209179_HY5CNBGXT_TCDM_2_E07_X2_24_3_i_CGCCTG_S53_trim1										12.034148332604008	3.368249382988907	5.972782115745238	2.0520757373628795	1.438070043701506	0.10209543988465154	0.0
209180_HY5CNBGXT_TCDM_2_F07_X2_24_2_o_AATGAA_S54_trim1										12.65301600464603	4.28934951730319	7.645710237407114	2.8211888417034294	4.492821304085607	0.8223316431076568	0.33585943718662514
209181_HY5CNBGXT_TCDM_2_G07_X2_24_1_o_ACAACG_S55_trim1										12.045934363339352	3.4350719696251435	5.328913000146572	1.8470860759296086	1.615506544447634	0.0	0.0
209182_HY5CNBGXT_TCDM_2_H07_X10_39_2_i_ATATCC_S56_trim1										11.539723517195185	3.3212012355665546	4.699448940985896	1.3656078592193188	1.1754672645950834	0.0906880093217306	0.0
209183_HY5CNBGXT_TCDM_2_A08_X2_24_3_o_AGTACT_S57_trim1										12.640757295024507	3.842020130897624	6.41509449437158	1.842884492378855	2.9227224948032697	0.32317076555105473	0.0
209184_HY5CNBGXT_TCDM_2_B08_X2_24_2_i_ATAAGA_S58_trim1										11.086882334833346	3.320262405966868	5.549686456856021	2.165509136737834	1.3781143638908897	0.14518567126039683	0.0
209185_HY5CNBGXT_TCDM_2_C08_X10_39_3_o_GGTGAG_S59_trim1										11.679766317651486	3.1347482343205177	4.964988773759412	1.1657766181997604	0.7460994427437772	0.11832882410930343	0.0
209186_HY5CNBGXT_TCDM_2_D08_X10_39_2_o_TTCCGC_S60_trim1										12.194154775427332	3.5103518356228816	5.364787247023508	1.1220274714779421	1.2451160214970278	0.16426971333859974	0.0
209187_HY5CNBGXT_TCDM_2_E08_X2_24_1_i_GAAGTG_S61_trim1										12.577179029114058	3.552318876926181	5.694247442270992	1.601034671721141	1.7030974188227872	0.0	0.0
209188_HY5CNBGXT_TCDM_2_F08_X10_39_3_i_CAATGC_S62_trim1										12.005165494534781	3.374265327516753	4.492784269274674	1.3478590523001999	0.6513670543842599	0.0	0.0
209189_HY5CNBGXT_TCDM_2_G08_X5_36_3_i_ACGTCT_S63_trim1										14.321884601300692	4.088451506847467	7.438416482530089	2.2182367547178075	2.1499468678788483	0.17043938330837666	0.0
209190_HY5CNBGXT_TCDM_2_H08_C64_4_2_i_CAGGAC_S64_trim1										14.173894208154772	4.557208250318574	7.60907287827997	2.5744308403146765	3.595237397874583	0.4818034250210382	0.0
209191_HY5CNBGXT_TCDM_2_A09_C64_4_3_i_AAGCTC_S65_trim1										12.305640183729052	3.67214084817487	6.005754718274958	2.2010431851074257	1.6686457133289125	0.11324875416560115	0.0
209192_HY5CNBGXT_TCDM_2_B09_X5_36_2_i_GACGAT_S66_trim1										11.989105787416337	3.62535861656921	5.909955632157071	1.8347407632561212	1.5093729748971678	0.2830972935390097	0.0
209193_HY5CNBGXT_TCDM_2_C09_C64_4_1_i_TCGTTC_S67_trim1										13.469664818667034	4.60176150091477	9.10733317863231	3.4870266887197916	5.1548002855696415	0.9608475599208947	1.2668483068891896
209194_HY5CNBGXT_TCDM_2_D09_C14_4_3_o_CCAATT_S68_trim1										11.125594648443053	3.178735434384276	5.646461413420581	1.6768349682058574	1.277027146442948	0.11998872621107412	0.0
209195_HY5CNBGXT_TCDM_2_E09_C64_4_2_o_AGTTGA_S69_trim1										11.610568768633762	3.403844999918505	5.571577021466332	1.4530348508203172	1.4572016793836289	0.0	0.18684367931857274
209196_HY5CNBGXT_TCDM_2_F09_C64_4_1_o_AACCGA_S70_trim1										11.715932289477125	3.3915189521737195	6.509450546690666	1.6976397706792041	2.4610616642246144	0.4096255180480869	0.5399519465771064
209197_HY5CNBGXT_TCDM_2_G09_X5_36_1_i_CAGATG_S71_trim1										12.465542690652091	3.749292082251087	6.9580216298256286	2.1442999630540065	3.3505255682434614	0.8052554223359756	0.5480676956272972
209198_HY5CNBGXT_TCDM_2_H09_X5_36_2_o_GTAGAA_S72_trim1										11.628482544124342	3.485753418853858	5.6858191133118945	1.5640499921568043	1.79196670366286	0.0	0.2825696482479206
209199_HY5CNBGXT_TCDM_2_A10_A03_4_2_i_GACATC_S73_trim1										11.702384543602252	3.506138194037508	5.209156698947536	1.4719666854901599	1.4347926068870491	0.0	0.0
209200_HY5CNBGXT_TCDM_2_B10_A03_4_3_o_CGATCT_S74_trim1										10.935981610547678	3.2989258480708337	5.829514904498846	1.9758843098758723	2.392784075136024	1.031921616646395	0.23235972560029453
209201_HY5CNBGXT_TCDM_2_C10_A27_4_1_i_CGTCGC_S75_trim1										11.668070703553468	3.4529120876318835	6.02622067208333	1.8145631800016442	1.9765754286852664	0.0	0.23284792901460827
209202_HY5CNBGXT_TCDM_2_D10_A27_4_1_o_ATGGCG_S76_trim1										8.646434487852266	2.8475032529349376	5.429698465990014	2.2013016413215585	3.2462648767475835	1.6026865843148683	0.0
209203_HY5CNBGXT_TCDM_2_E10_A27_4_2_o_ATTGGT_S77_trim1										11.193034336124203	3.1854732831425765	5.811706852974526	1.544083447047918	1.4505757593340092	0.12460608929251599	0.0
209204_HY5CNBGXT_TCDM_2_F10_X4_24_1_o_GCCACA_S78_trim1										11.084771635563673	3.242323216183993	5.682718217582274	1.490548330779448	1.962010238379839	0.1674530582860864	0.0
209205_HY5CNBGXT_TCDM_2_G10_A27_4_2_i_CATCTA_S79_trim1										12.170356630890101	3.685626945604501	6.079512626169045	1.908038434253824	2.082832513149783	0.12002342853876448	0.0
209206_HY5CNBGXT_TCDM_2_H10_A27_4_3_i_AACAAG_S80_trim1										11.743354723235685	3.603564928917444	6.252551486205071	1.8328224742318093	2.411297819305631	0.1350396929300987	0.0
209207_HY5CNBGXT_TCDM_2_A11_X4_24_2_o_GCAGCC_S81_trim1										12.706264057484049	3.3810870710277654	5.2845265208321965	1.283342116696188	0.9011969746149262	0.0	0.0
209208_HY5CNBGXT_TCDM_2_B11_X4_24_1_i_ACTCTT_S82_trim1										14.503262356333249	4.075235697966993	6.446685325414368	2.0178729586425073	1.738260966228285	0.0	0.0
209209_HY5CNBGXT_TCDM_2_C11_X5_36_3_o_TGCTAT_S83_trim1										2.854359042494298	0.9322615646936381	1.2599924710467458	0.0	0.0	0.0	0.0
209210_HY5CNBGXT_TCDM_2_D11_X4_24_2_i_AAGTGG_S84_trim1										12.89564370405346	3.816918197211689	6.925418201074006	2.009829135745519	2.676647805040444	0.0	0.22967425368285518
209211_HY5CNBGXT_TCDM_2_E11_X4_24_3_o_CTCATA_S85_trim1										11.920772237926775	3.172033138734988	5.288907513429213	1.4464541507568183	0.7684660072253193	0.14253776285478195	0.0
209212_HY5CNBGXT_TCDM_2_F11_BLANK_AATCCG_S86_trim1										0.1922207146087743	0.0	0.0	0.0	0.0	0.0	0.0
209213_HY5CNBGXT_TCDM_2_G11_A03_4_1_i_GGCCAA_S87_trim1										11.887055167140339	3.340051850102313	4.653184637364994	1.096790722845404	1.0325017965709928	0.0	0.0
209214_HY5CNBGXT_TCDM_2_H11_X8_37_2_i_AGACCA_S88_trim1										12.253160412303348	3.798693903333075	6.557963781642851	2.0628032833412435	2.4625009910671234	0.0	0.21683990347101637
209215_HY5CNBGXT_TCDM_2_A12_X4_24_3_i_CGCGGA_S89_trim1										12.886026018758681	3.7225152346220334	6.178319552078484	1.8969092217357875	2.0603948893002895	0.0	0.0
209216_HY5CNBGXT_TCDM_2_B12_X8_37_3_o_CCTGCT_S90_trim1										12.195585289273666	3.3567779973938934	5.82222273915916	1.4952785781294458	1.6598938819889455	0.0	0.2172885368696346
209217_HY5CNBGXT_TCDM_2_C12_X8_37_2_o_GCGCTG_S91_trim1										11.310726490265093	3.374489053306972	5.230790640087975	1.5138609039461441	1.3257671005232226	0.1382398147486909	0.0
209218_HY5CNBGXT_TCDM_2_D12_X8_37_1_o_GAACCT_S92_trim1										12.144980802687346	3.6037352391482487	5.972676399571576	1.5641317306568832	1.7467512678230441	0.15424384344187736	0.0
209219_HY5CNBGXT_TCDM_2_E12_X8_37_3_i_TTCGAG_S93_trim1										12.661804197274504	3.548695941771842	5.909861611422705	1.4374485126618435	1.7592906584427863	0.0	0.15987439449774507
209220_HY5CNBGXT_TCDM_2_F12_C14_4_1_i_AGAATC_S94_trim1										12.797740254168913	3.9711183783108632	6.714492977250888	1.6964852584147192	2.2574409801438677	0.11030010106829831	0.0
209221_HY5CNBGXT_TCDM_2_G12_X8_37_1_i_AGGCAT_S95_trim1										12.31286153403441	3.409837698003151	5.473593570096972	1.4490166553942292	1.4493431575698474	0.0	0.0
209222_HY5CNBGXT_TCDM_2_H12_C14_4_1_o_ACACGC_S96_trim1										12.779708632429637	3.452954629484964	5.882398989554229	1.5604577055379154	1.8903600863814107	0.1484560713795728	0.0
