Sample	FastQC_mqc-generalstats-fastqc-percent_duplicates	FastQC_mqc-generalstats-fastqc-percent_gc	FastQC_mqc-generalstats-fastqc-avg_sequence_length	FastQC_mqc-generalstats-fastqc-median_sequence_length	FastQC_mqc-generalstats-fastqc-percent_fails	FastQC_mqc-generalstats-fastqc-total_sequences
209031_HY55YBGXT_TCDM_1_A01_A04_1_2_o_CAGCGT_S1_trim1	41.61560392072937	48.0	70.39758778246286	82	9.090909090909092	1270698.0
209032_HY55YBGXT_TCDM_1_B01_A04_1_1_o_GATCAC_S2_trim1	34.735421022173284	48.0	68.4640324421779	80	9.090909090909092	391589.0
209033_HY55YBGXT_TCDM_1_C01_BLANK_ACCAGT_S3_trim1	2.90361892650877	38.0	72.31770253801727	80	9.090909090909092	18873.0
209034_HY55YBGXT_TCDM_1_D01_A04_1_3_i_TGCACG_S4_trim1	45.90261127396056	51.0	65.91897248656417	72	27.27272727272727	370837.0
209035_HY55YBGXT_TCDM_1_E01_A04_1_3_o_ACATTA_S5_trim1	53.11353693881676	47.0	74.88770880969372	84	18.181818181818183	2197216.0
209036_HY55YBGXT_TCDM_1_F01_A27_1_2_i_GTGTAG_S6_trim1	52.190963705406794	50.0	74.17596663149088	84	18.181818181818183	2158682.0
209037_HY55YBGXT_TCDM_1_G01_C17_1_2_o_CTAGTC_S7_trim1	41.26227058730687	49.0	68.02016286676012	78	9.090909090909092	838968.0
209038_HY55YBGXT_TCDM_1_H01_C17_1_2_i_TGTGCA_S8_trim1	46.74334009257274	43.0	78.67778943641773	84	9.090909090909092	5149257.0
209039_HY55YBGXT_TCDM_1_A02_X1_54_2_o_TCAGGA_S9_trim1	53.034276406063626	47.0	73.54422237682626	84	18.181818181818183	4110860.0
209040_HY55YBGXT_TCDM_1_B02_X9_27_1_i_CGGTTA_S10_trim1	42.7593282959292	51.0	69.01949089970681	82	9.090909090909092	279002.0
209041_HY55YBGXT_TCDM_1_C02_X9_27_2_i_TTAACT_S11_trim1	27.85304365648699	47.0	68.56140602582497	78	0.0	97580.0
209042_HY55YBGXT_TCDM_1_D02_X9_27_3_o_ATGAAC_S12_trim1	34.21168887441108	48.0	68.05393528011213	80	9.090909090909092	163381.0
209043_HY55YBGXT_TCDM_1_E02_X11_57_2_o_CCTAAG_S13_trim1	39.605880747397904	47.0	72.88926076813452	84	9.090909090909092	724847.0
209044_HY55YBGXT_TCDM_1_F02_X11_57_3_o_AATCCG_S14_trim1	30.43015069169961	50.0	60.3102766798419	62	27.27272727272727	64768.0
209045_HY55YBGXT_TCDM_1_G02_X9_27_2_o_GGCTGC_S15_trim1	51.481274109424504	43.0	78.81082369136998	84	18.181818181818183	6177338.0
209046_HY55YBGXT_TCDM_1_H02_X11_57_1_o_TACCTT_S16_trim1	21.87912087912089	47.0	72.89813186813187	84	54.54545454545454	18200.0
209047_HY55YBGXT_TCDM_1_A03_A27_1_1_i_TCTTAA_S17_trim1	52.82979345189875	48.0	75.92295778203564	84	18.181818181818183	3224362.0
209048_HY55YBGXT_TCDM_1_B03_X1_54_2_i_GTCAGG_S18_trim1	20.772243259863416	50.0	65.41858432857559	74	36.36363636363637	30897.0
209049_HY55YBGXT_TCDM_1_C03_X11_57_2_i_ATACTG_S19_trim1	2.8991873490006554	34.0	72.65070649388682	82	9.090909090909092	13659.0
209050_HY55YBGXT_TCDM_1_D03_X9_27_3_i_TATGTC_S20_trim1	4.112416640203236	42.0	73.57796125754207	82	18.181818181818183	6298.0
209051_HY55YBGXT_TCDM_1_E03_C17_1_3_i_GAGTCC_S21_trim1	12.901151199434054	46.0	68.90513859412181	80	36.36363636363637	15549.0
209052_HY55YBGXT_TCDM_1_F03_X11_57_3_i_GGAGGT_S22_trim1	57.870315753973436	48.0	77.78480581932112	84	9.090909090909092	4672710.0
209053_HY55YBGXT_TCDM_1_G03_X9_27_1_o_CACACT_S23_trim1	43.91939924683258	46.0	71.03791093987215	80	0.0	2254679.0
209054_HY55YBGXT_TCDM_1_H03_A04_1_2_o_CCGCAA_S24_trim1	41.20458631927345	45.0	71.55286858857089	82	0.0	2856091.0
209055_HY55YBGXT_TCDM_1_A04_X4_67_2_o_TTTATG_S25_trim1	55.78161077098589	38.0	81.28130070606733	86	27.27272727272727	7724051.0
209056_HY55YBGXT_TCDM_1_B04_C64_1_2_o_AACGCC_S26_trim1	55.418005590591704	40.0	77.86138801133336	84	27.27272727272727	4959167.0
209057_HY55YBGXT_TCDM_1_C04_A04_1_1_i_CAAGCA_S27_trim1	51.08005833692402	38.0	81.6974843220028	86	27.27272727272727	7015405.0
209058_HY55YBGXT_TCDM_1_D04_X4_67_3_i_GCTCGA_S28_trim1	44.03093359079704	42.0	75.16659619656764	84	18.181818181818183	1024075.0
209059_HY55YBGXT_TCDM_1_E04_A04_1_2_i_GCGAAT_S29_trim1	55.449571651937354	38.0	81.05542531898767	86	27.27272727272727	6407144.0
209060_HY55YBGXT_TCDM_1_F04_C17_1_1_i_TGGATT_S30_trim1	62.471443348774756	38.0	82.83461556762585	86	18.181818181818183	8469461.0
209061_HY55YBGXT_TCDM_1_G04_X4_67_2_i_ACCTAC_S31_trim1	59.145150994387166	39.0	83.09576803847274	86	27.27272727272727	7430715.0
209062_HY55YBGXT_TCDM_1_H04_X4_67_1_i_CGAAGG_S32_trim1	56.1551810764633	39.0	82.65486502808946	86	18.181818181818183	9752770.0
209063_HY55YBGXT_TCDM_1_A05_C64_1_2_i_AGATAG_S33_trim1	56.90115079761943	47.0	75.32998942562874	84	9.090909090909092	4127905.0
209064_HY55YBGXT_TCDM_1_B05_C64_1_1_o_TTGGTA_S34_trim1	51.06625624194917	42.0	78.16937295706646	84	18.181818181818183	6696559.0
209065_HY55YBGXT_TCDM_1_C05_X5_31_3_i_GTTACC_S35_trim1	56.59087440697165	46.0	78.66220899343249	84	18.181818181818183	4756293.0
209066_HY55YBGXT_TCDM_1_D05_X4_67_3_o_CGCAAC_S36_trim1	38.48003028907214	50.0	71.17070999181027	84	9.090909090909092	294271.0
209067_HY55YBGXT_TCDM_1_E05_X5_31_2_i_TGGCGA_S37_trim1	57.85094879873671	45.0	81.10705991122443	86	27.27272727272727	6915866.0
209068_HY55YBGXT_TCDM_1_F05_C17_1_1_o_ACCGTG_S38_trim1	7.4345264448455595	45.0	75.00303102544018	84	9.090909090909092	29363.0
209069_HY55YBGXT_TCDM_1_G05_A20_1_1_o_CAACAG_S39_trim1	37.84411958139934	48.0	71.6757383542062	84	9.090909090909092	726142.0
209070_HY55YBGXT_TCDM_1_H05_C17_1_3_o_GATTGT_S40_trim1	62.19298091699017	46.0	76.25967356873741	84	18.181818181818183	8289831.0
209071_HY55YBGXT_TCDM_1_A06_A20_1_1_i_CTCTCG_S41_trim1	53.06483262327211	45.0	78.20226708764007	84	18.181818181818183	6814999.0
209072_HY55YBGXT_TCDM_1_B06_A20_1_2_o_TGACAC_S42_trim1	32.66208185589666	45.0	69.70167522212216	80	0.0	615202.0
209073_HY55YBGXT_TCDM_1_C06_X5_31_1_o_AAGACA_S43_trim1	11.124355436425631	33.0	67.72867046113731	74	9.090909090909092	174113.0
209074_HY55YBGXT_TCDM_1_D06_X4_67_1_o_ACAGAT_S44_trim1	31.65972417430949	46.0	68.18178187349861	80	9.090909090909092	170259.0
209075_HY55YBGXT_TCDM_1_E06_A27_1_2_o_TAGGCT_S45_trim1	45.084945281999545	50.0	70.33138347570157	84	9.090909090909092	570469.0
209076_HY55YBGXT_TCDM_1_F06_X5_31_3_o_CTCCAT_S46_trim1	28.272953650895644	48.0	67.03629207165234	78	18.181818181818183	124490.0
209077_HY55YBGXT_TCDM_1_G06_X5_31_2_o_GCATGG_S47_trim1	31.178280753033604	49.0	66.59580678114511	76	9.090909090909092	164456.0
209078_HY55YBGXT_TCDM_1_H06_C64_1_3_i_AATAGC_S48_trim1	50.49457932310307	44.0	73.44023719216875	82	18.181818181818183	7730778.0
209079_HY55YBGXT_TCDM_1_A07_A20_1_2_i_GTGCCA_S49_trim1	48.374159376864526	42.0	74.51689362289211	84	0.0	6661123.0
209080_HY55YBGXT_TCDM_1_B07_A20_1_3_i_TCGAGG_S50_trim1	49.70118293993888	42.0	78.52539206579765	84	9.090909090909092	7218495.0
209081_HY55YBGXT_TCDM_1_C07_A20_1_3_o_CACTAA_S51_trim1	47.85589027159314	40.0	76.32281098358523	84	9.090909090909092	6771523.0
209082_HY55YBGXT_TCDM_1_D07_A27_1_3_o_GGTATA_S52_trim1	46.1585671114165	41.0	77.69071270377422	84	9.090909090909092	7470032.0
209083_HY55YBGXT_TCDM_1_E07_A27_1_1_o_CGCCTG_S53_trim1	52.74812807389279	44.0	77.38848939600722	84	18.181818181818183	6527164.0
209084_HY55YBGXT_TCDM_1_F07_X5_31_1_i_AATGAA_S54_trim1	51.00418159936924	44.0	76.21647961599052	84	18.181818181818183	6911496.0
209085_HY55YBGXT_TCDM_1_G07_X11_57_1_i_ACAACG_S55_trim1	51.673560208121565	43.0	76.767705387772	84	18.181818181818183	6901981.0
209086_HY55YBGXT_TCDM_1_H07_X2_45_2_i_ATATCC_S56_trim1	49.726535425061705	42.0	74.27692949123885	84	9.090909090909092	6231254.0
209087_HY55YBGXT_TCDM_1_A08_X2_45_2_o_AGTACT_S57_trim1	50.17557414314736	44.0	77.37675147431017	84	18.181818181818183	7780588.0
209088_HY55YBGXT_TCDM_1_B08_X2_45_1_i_ATAAGA_S58_trim1	52.56674571315785	40.0	77.2432679430151	84	18.181818181818183	8108183.0
209089_HY55YBGXT_TCDM_1_C08_X2_45_3_o_GGTGAG_S59_trim1	48.868384689542744	41.0	76.31609308982718	84	9.090909090909092	7665843.0
209090_HY55YBGXT_TCDM_1_D08_X2_45_3_i_TTCCGC_S60_trim1	53.00601246973413	39.0	78.11210716578358	86	18.181818181818183	8468076.0
209091_HY55YBGXT_TCDM_1_E08_X2_45_1_o_GAAGTG_S61_trim1	8.802031714568884	43.0	72.53790882061448	84	18.181818181818183	16144.0
209092_HY55YBGXT_TCDM_1_F08_X11_68_1_o_CAATGC_S62_trim1	11.48054779587109	42.0	67.64972405805001	80	18.181818181818183	29354.0
209093_HY55YBGXT_TCDM_1_G08_X11_68_1_i_ACGTCT_S63_trim1	51.92169317489991	43.0	75.79112467991918	84	18.181818181818183	6759621.0
209094_HY55YBGXT_TCDM_1_H08_X11_68_3_i_CAGGAC_S64_trim1	51.984036887129726	43.0	75.86620890845519	84	18.181818181818183	6483481.0
209095_HY55YBGXT_TCDM_1_A09_X11_68_3_o_AAGCTC_S65_trim1	52.97350367834851	46.0	73.54736521206272	84	9.090909090909092	4546438.0
209096_HY55YBGXT_TCDM_1_B09_X11_68_2_o_GACGAT_S66_trim1	50.527726443825856	40.0	81.63469211531023	86	18.181818181818183	7774193.0
209097_HY55YBGXT_TCDM_1_C09_A20_2_3_o_TCGTTC_S67_trim1	56.89149725121078	51.0	71.79852622909164	84	36.36363636363637	684774.0
209098_HY55YBGXT_TCDM_1_D09_A03_2_1_o_CCAATT_S68_trim1	49.79212746119448	44.0	78.88946032232101	84	9.090909090909092	7249605.0
209099_HY55YBGXT_TCDM_1_E09_C17_2_3_o_AGTTGA_S69_trim1	52.76169961153087	43.0	74.42370612510152	84	18.181818181818183	5736509.0
209100_HY55YBGXT_TCDM_1_F09_A03_2_1_i_AACCGA_S70_trim1	46.22931189783404	42.0	77.06723606536272	84	9.090909090909092	7223995.0
209101_HY55YBGXT_TCDM_1_G09_C14_2_1_i_CAGATG_S71_trim1	48.16560735045774	42.0	74.4334987515685	84	9.090909090909092	6286288.0
209102_HY55YBGXT_TCDM_1_H09_A20_2_2_i_GTAGAA_S72_trim1	51.59006446570066	44.0	73.9750178297287	82	18.181818181818183	5936714.0
209103_HY55YBGXT_TCDM_1_A10_A20_2_1_o_GACATC_S73_trim1	49.53477177973271	41.0	76.1581916750942	84	9.090909090909092	7971886.0
209104_HY55YBGXT_TCDM_1_B10_C14_2_2_o_CGATCT_S74_trim1	48.80346813205865	44.0	68.39186860349501	72	9.090909090909092	4411198.0
209105_HY55YBGXT_TCDM_1_C10_A04_2_3_o_CGTCGC_S75_trim1	38.356749943877176	44.0	68.6520068634431	74	9.090909090909092	2075926.0
209106_HY55YBGXT_TCDM_1_D10_A04_2_1_o_ATGGCG_S76_trim1	28.818147096915894	45.0	70.48082213614032	80	9.090909090909092	288614.0
209107_HY55YBGXT_TCDM_1_E10_A04_2_1_i_ATTGGT_S77_trim1	30.53090119215733	44.0	68.05249812568964	74	0.0	802962.0
209108_HY55YBGXT_TCDM_1_F10_A04_2_3_i_GCCACA_S78_trim1	40.11157547422195	45.0	68.99595918648549	76	0.0	2003062.0
209109_HY55YBGXT_TCDM_1_G10_A20_2_1_i_CATCTA_S79_trim1	50.18999358570839	42.0	75.66732837150458	84	18.181818181818183	6614228.0
209110_HY55YBGXT_TCDM_1_H10_A04_2_2_o_AACAAG_S80_trim1	49.619392342580745	47.0	71.96989075976238	82	0.0	4114418.0
209111_HY55YBGXT_TCDM_1_A11_A04_2_2_i_GCAGCC_S81_trim1	48.80434587111667	41.0	78.75257982362102	84	9.090909090909092	6558491.0
209112_HY55YBGXT_TCDM_1_B11_A20_2_2_o_ACTCTT_S82_trim1	51.02441250899668	41.0	76.5325083618378	84	18.181818181818183	7387730.0
209113_HY55YBGXT_TCDM_1_C11_C17_2_1_i_TGCTAT_S83_trim1	51.41406553985695	42.0	76.25543366469029	84	18.181818181818183	6096346.0
209114_HY55YBGXT_TCDM_1_D11_A03_2_3_i_AAGTGG_S84_trim1	47.92573699326616	39.0	81.08512399914055	86	18.181818181818183	8572882.0
209115_HY55YBGXT_TCDM_1_E11_C14_2_3_i_CTCATA_S85_trim1	50.15793643963839	45.0	73.36975876846932	82	18.181818181818183	3992430.0
209116_HY55YBGXT_TCDM_1_F11_C14_2_1_i_CCGACC_S86_trim1	46.40266098144614	44.0	70.45893455207919	78	9.090909090909092	5139491.0
209117_HY55YBGXT_TCDM_1_G11_A20_2_3_o_GGCCAA_S87_trim1	47.82901619680896	44.0	74.83108318669463	84	0.0	6193226.0
209118_HY55YBGXT_TCDM_1_H11_C14_2_2_i_AGACCA_S88_trim1	49.39633532375096	42.0	80.43925947981171	86	9.090909090909092	7959810.0
209119_HY55YBGXT_TCDM_1_A12_C14_2_3_o_CGCGGA_S89_trim1	43.75322902103338	40.0	77.21362908995152	84	9.090909090909092	7762103.0
209120_HY55YBGXT_TCDM_1_B12_C17_2_2_i_CCTGCT_S90_trim1	53.76407555951275	44.0	75.42105561338822	84	18.181818181818183	6883846.0
209121_HY55YBGXT_TCDM_1_C12_A03_2_3_o_GCGCTG_S91_trim1	43.99316423610021	39.0	79.11380750257196	86	9.090909090909092	9469446.0
209122_HY55YBGXT_TCDM_1_D12_C17_2_3_i_GAACCT_S92_trim1	49.65066123095924	45.0	75.00165760294497	84	9.090909090909092	3983463.0
209123_HY55YBGXT_TCDM_1_E12_A03_2_2_o_TTCGAG_S93_trim1	45.59788854439033	42.0	74.87142545492021	84	9.090909090909092	6229499.0
209124_HY55YBGXT_TCDM_1_F12_C17_2_2_o_AGAATC_S94_trim1	44.69240673494449	41.0	77.44108068997058	84	9.090909090909092	7324950.0
209125_HY55YBGXT_TCDM_1_G12_X8_415_3_i_AGGCAT_S95_trim1	46.64312143055287	41.0	77.98945154066652	84	9.090909090909092	7398616.0
209126_HY55YBGXT_TCDM_1_H12_X8_415_3_o_ACACGC_S96_trim1	44.81665433325015	42.0	75.31807879308735	84	9.090909090909092	8354540.0
209127_HY5CNBGXT_TCDM_2_A01_X4_46_1_o_CAGCGT_S1_trim1	38.8817293254363	39.0	80.71105606244879	86	9.090909090909092	4912825.0
209128_HY5CNBGXT_TCDM_2_B01_X8_415_2_i_GATCAC_S2_trim1	44.40247167423952	37.0	79.78631644227562	86	0.0	6335443.0
209129_HY5CNBGXT_TCDM_2_C01_X8_415_2_o_ACCAGT_S3_trim1	42.795889357173486	41.0	80.26477316955727	86	9.090909090909092	5958217.0
209130_HY5CNBGXT_TCDM_2_D01_X4_46_3_o_TGCACG_S4_trim1	41.19146692177019	40.0	80.08645573614903	86	9.090909090909092	5938322.0
209131_HY5CNBGXT_TCDM_2_E01_X4_46_1_i_ACATTA_S5_trim1	41.74224489256944	39.0	80.60180643380049	86	0.0	7099070.0
209132_HY5CNBGXT_TCDM_2_F01_C14_3_2_o_GTGTAG_S6_trim1	44.240713763058004	38.0	78.87599671723972	86	0.0	4653401.0
209133_HY5CNBGXT_TCDM_2_G01_A03_3_1_o_CTAGTC_S7_trim1	45.29975990242235	38.0	81.3974078645156	86	9.090909090909092	4517125.0
209134_HY5CNBGXT_TCDM_2_H01_A03_3_3_o_TGTGCA_S8_trim1	56.549367430620265	41.0	80.48230744441891	86	18.181818181818183	6271423.0
209135_HY5CNBGXT_TCDM_2_A02_X4_32_2_i_TCAGGA_S9_trim1	59.05312095643494	39.0	80.52705991852163	86	9.090909090909092	5741647.0
209136_HY5CNBGXT_TCDM_2_B02_C14_3_2_i_CGGTTA_S10_trim1	54.5880962771189	38.0	80.68101968417861	86	18.181818181818183	5671560.0
209137_HY5CNBGXT_TCDM_2_C02_X4_32_3_i_TTAACT_S11_trim1	56.490188460744214	39.0	80.45728808149065	86	9.090909090909092	4993653.0
209138_HY5CNBGXT_TCDM_2_D02_X4_32_3_o_ATGAAC_S12_trim1	55.00239470738403	39.0	79.57365163259364	86	18.181818181818183	5315836.0
209139_HY5CNBGXT_TCDM_2_E02_A04_3_2_o_CCTAAG_S13_trim1	36.62613633852791	38.0	76.68645779099133	86	18.181818181818183	1644104.0
209140_HY5CNBGXT_TCDM_2_F02_X4_32_1_i_CCGACC_S14_trim1	66.68930081841052	39.0	83.61430370109478	86	18.181818181818183	4741570.0
209141_HY5CNBGXT_TCDM_2_G02_A04_3_2_i_GGCTGC_S15_trim1	49.93642068627901	37.0	81.9646185081916	86	9.090909090909092	4665264.0
209142_HY5CNBGXT_TCDM_2_H02_A04_3_1_o_TACCTT_S16_trim1	45.879732286225035	38.0	80.32610889114284	86	9.090909090909092	5296372.0
209143_HY5CNBGXT_TCDM_2_A03_C14_3_3_o_TCTTAA_S17_trim1	42.58853437607729	38.0	82.7590955704871	86	0.0	5102841.0
209144_HY5CNBGXT_TCDM_2_B03_C14_3_1_i_GTCAGG_S18_trim1	49.32081504640019	38.0	81.31463066728604	86	9.090909090909092	4936159.0
209145_HY5CNBGXT_TCDM_2_C03_A04_3_3_o_ATACTG_S19_trim1	45.66687197755698	36.0	75.16922148236198	82	9.090909090909092	1341845.0
209146_HY5CNBGXT_TCDM_2_D03_A27_3_3_i_TATGTC_S20_trim1	47.96941902607477	38.0	82.32799482292567	86	0.0	5036049.0
209147_HY5CNBGXT_TCDM_2_E03_C14_3_3_i_GAGTCC_S21_trim1	41.59188155553031	40.0	78.0947555757507	86	9.090909090909092	132045.0
209148_HY5CNBGXT_TCDM_2_F03_A03_3_1_i_GGAGGT_S22_trim1	45.793996260504045	41.0	78.20114393336699	86	9.090909090909092	2374439.0
209149_HY5CNBGXT_TCDM_2_G03_A03_3_3_i_CACACT_S23_trim1	41.385612595689956	40.0	78.21544238593886	86	9.090909090909092	2467054.0
209150_HY5CNBGXT_TCDM_2_H03_X4_32_1_o_CCGCAA_S24_trim1	49.62379602695254	39.0	80.94473992057449	86	18.181818181818183	5240130.0
209151_HY5CNBGXT_TCDM_2_A04_A04_3_3_i_TTTATG_S25_trim1	51.04198977244783	37.0	82.4885375931568	86	18.181818181818183	5529118.0
209152_HY5CNBGXT_TCDM_2_B04_X4_32_2_o_AACGCC_S26_trim1	5.4711829700098065	37.0	74.79075124781366	84	9.090909090909092	46882.0
209153_HY5CNBGXT_TCDM_2_C04_A27_3_1_o_CAAGCA_S27_trim1	49.248274303016935	37.0	82.96245061601833	86	9.090909090909092	5296758.0
209154_HY5CNBGXT_TCDM_2_D04_A27_3_3_o_GCTCGA_S28_trim1	47.29132033063523	38.0	83.27769832515244	86	9.090909090909092	5161007.0
209155_HY5CNBGXT_TCDM_2_E04_A27_3_2_o_GCGAAT_S29_trim1	47.76435710540091	38.0	82.85173254029101	86	0.0	6205974.0
209156_HY5CNBGXT_TCDM_2_F04_X5_66_3_o_TGGATT_S30_trim1	52.1929572067973	37.0	81.13577201092909	86	18.181818181818183	6332093.0
209157_HY5CNBGXT_TCDM_2_G04_C17_3_1_i_ACCTAC_S31_trim1	53.93855269044468	40.0	81.56641771027023	86	27.27272727272727	5480210.0
209158_HY5CNBGXT_TCDM_2_H04_C17_3_1_o_CGAAGG_S32_trim1	51.130583333385424	39.0	81.43941654440125	86	27.27272727272727	6950726.0
209159_HY5CNBGXT_TCDM_2_A05_C17_3_2_i_AGATAG_S33_trim1	44.65303353336739	39.0	81.96870035996767	86	0.0	5225747.0
209160_HY5CNBGXT_TCDM_2_B05_C17_3_2_o_TTGGTA_S34_trim1	44.6687029325397	39.0	82.55655921563668	86	0.0	5409534.0
209161_HY5CNBGXT_TCDM_2_C05_X5_66_2_i_GTTACC_S35_trim1	47.086331365914646	38.0	82.18091129016135	86	0.0	5001700.0
209162_HY5CNBGXT_TCDM_2_D05_X5_66_1_i_CGCAAC_S36_trim1	48.98981579649261	39.0	82.874708687542	86	0.0	5314311.0
209163_HY5CNBGXT_TCDM_2_E05_C17_3_3_o_TGGCGA_S37_trim1	45.058138397942734	38.0	82.69528496169747	86	9.090909090909092	4522678.0
209164_HY5CNBGXT_TCDM_2_F05_A03_3_2_o_ACCGTG_S38_trim1	46.742839597268436	38.0	82.69432335768059	86	9.090909090909092	5131995.0
209165_HY5CNBGXT_TCDM_2_G05_X5_66_3_i_CAACAG_S39_trim1	44.89096009511332	38.0	83.36168445795758	86	9.090909090909092	4686469.0
209166_HY5CNBGXT_TCDM_2_H05_X5_66_1_o_GATTGT_S40_trim1	37.348226369745774	41.0	72.84051685912964	82	18.181818181818183	1150178.0
209167_HY5CNBGXT_TCDM_2_A06_X5_66_2_o_CTCTCG_S41_trim1	43.89248675011832	39.0	81.96070877307929	86	9.090909090909092	5421312.0
209168_HY5CNBGXT_TCDM_2_B06_A27_3_2_i_TGACAC_S42_trim1	45.542219861923186	39.0	81.26704646327646	86	0.0	4500479.0
209169_HY5CNBGXT_TCDM_2_C06_C64_3_1_o_AAGACA_S43_trim1	42.327417756384044	38.0	82.23366195773927	86	0.0	5007439.0
209170_HY5CNBGXT_TCDM_2_D06_X9_35_2_i_ACAGAT_S44_trim1	50.165110725400844	38.0	81.68028047730348	86	9.090909090909092	5657784.0
209171_HY5CNBGXT_TCDM_2_E06_C64_3_1_i_TAGGCT_S45_trim1	48.82488830356536	39.0	82.0444816269588	86	9.090909090909092	5788862.0
209172_HY5CNBGXT_TCDM_2_F06_C14_3_1_o_CTCCAT_S46_trim1	44.766076688957156	38.0	82.56574808081882	86	0.0	5771081.0
209173_HY5CNBGXT_TCDM_2_G06_X9_35_2_o_GCATGG_S47_trim1	46.15875712058166	38.0	82.76365137617086	86	9.090909090909092	5336147.0
209174_HY5CNBGXT_TCDM_2_H06_C64_3_2_o_AATAGC_S48_trim1	45.56977920553661	38.0	81.17752054758655	86	0.0	6263996.0
209175_HY5CNBGXT_TCDM_2_A07_X9_35_1_i_GTGCCA_S49_trim1	49.344392370492365	38.0	81.68397165855043	86	18.181818181818183	4419534.0
209176_HY5CNBGXT_TCDM_2_B07_C64_3_3_i_TCGAGG_S50_trim1	50.48328652038605	40.0	77.54778979525894	86	18.181818181818183	4255375.0
209177_HY5CNBGXT_TCDM_2_C07_C17_3_3_i_CACTAA_S51_trim1	45.37613216017636	38.0	81.24688644749283	86	0.0	4832663.0
209178_HY5CNBGXT_TCDM_2_D07_X9_35_1_o_GGTATA_S52_trim1	38.19187683207866	39.0	78.15548730477045	86	9.090909090909092	1542351.0
209179_HY5CNBGXT_TCDM_2_E07_X2_24_3_i_CGCCTG_S53_trim1	49.433377822971195	40.0	82.43642404652581	86	9.090909090909092	5208636.0
209180_HY5CNBGXT_TCDM_2_F07_X2_24_2_o_AATGAA_S54_trim1	54.40344689933851	42.0	80.61067050291493	86	18.181818181818183	5298232.0
209181_HY5CNBGXT_TCDM_2_G07_X2_24_1_o_ACAACG_S55_trim1	43.196830563075295	39.0	81.27660260448707	86	0.0	6476208.0
209182_HY5CNBGXT_TCDM_2_H07_X10_39_2_i_ATATCC_S56_trim1	44.827008994581995	39.0	82.64472950362521	86	0.0	5574437.0
209183_HY5CNBGXT_TCDM_2_A08_X2_24_3_o_AGTACT_S57_trim1	47.57263474765004	40.0	82.13518998225955	86	9.090909090909092	8280510.0
209184_HY5CNBGXT_TCDM_2_B08_X2_24_2_i_ATAAGA_S58_trim1	45.09560202561473	40.0	82.2362093997148	86	0.0	4649290.0
209185_HY5CNBGXT_TCDM_2_C08_X10_39_3_o_GGTGAG_S59_trim1	42.95827886016047	39.0	83.30046515104587	86	0.0	5030194.0
209186_HY5CNBGXT_TCDM_2_D08_X10_39_2_o_TTCCGC_S60_trim1	46.44201348745243	38.0	83.01036931210609	86	0.0	5540869.0
209187_HY5CNBGXT_TCDM_2_E08_X2_24_1_i_GAAGTG_S61_trim1	46.980762885982344	38.0	83.20980352472735	86	9.090909090909092	5573424.0
209188_HY5CNBGXT_TCDM_2_F08_X10_39_3_i_CAATGC_S62_trim1	46.797917594814706	39.0	82.48142103327224	86	0.0	5168183.0
209189_HY5CNBGXT_TCDM_2_G08_X5_36_3_i_ACGTCT_S63_trim1	57.631636890747174	40.0	81.84792681624793	86	18.181818181818183	5825774.0
209190_HY5CNBGXT_TCDM_2_H08_C64_4_2_i_CAGGAC_S64_trim1	56.24581899181605	41.0	80.72277645433662	86	18.181818181818183	6584686.0
209191_HY5CNBGXT_TCDM_2_A09_C64_4_3_i_AAGCTC_S65_trim1	46.355801620493764	41.0	82.01653769814908	86	9.090909090909092	5682653.0
209192_HY5CNBGXT_TCDM_2_B09_X5_36_2_i_GACGAT_S66_trim1	46.32276813451443	40.0	81.73900929607545	86	9.090909090909092	6306102.0
209193_HY5CNBGXT_TCDM_2_C09_C64_4_1_i_TCGTTC_S67_trim1	61.68391371923409	46.0	80.40331048331959	86	18.181818181818183	4629173.0
209194_HY5CNBGXT_TCDM_2_D09_C14_4_3_o_CCAATT_S68_trim1	42.87126418307168	40.0	81.21200178003822	86	9.090909090909092	6736934.0
209195_HY5CNBGXT_TCDM_2_E09_C64_4_2_o_AGTTGA_S69_trim1	44.70467434541203	40.0	82.41375989742946	86	9.090909090909092	6542229.0
209196_HY5CNBGXT_TCDM_2_F09_C64_4_1_o_AACCGA_S70_trim1	48.3720977863857	42.0	80.68410107246895	86	9.090909090909092	4593140.0
209197_HY5CNBGXT_TCDM_2_G09_X5_36_1_i_CAGATG_S71_trim1	52.371419229489376	42.0	79.75969661205879	86	18.181818181818183	4639868.0
209198_HY5CNBGXT_TCDM_2_H09_X5_36_2_o_GTAGAA_S72_trim1	45.44744190570755	40.0	81.09412125485873	86	9.090909090909092	6423990.0
209199_HY5CNBGXT_TCDM_2_A10_A03_4_2_i_GACATC_S73_trim1	41.40052044560271	39.0	81.16476127982219	86	9.090909090909092	5888568.0
209200_HY5CNBGXT_TCDM_2_B10_A03_4_3_o_CGATCT_S74_trim1	45.15288456079478	42.0	78.10583762894369	86	9.090909090909092	4809367.0
209201_HY5CNBGXT_TCDM_2_C10_A27_4_1_i_CGTCGC_S75_trim1	42.22842512384383	42.0	80.43320197311571	86	9.090909090909092	4645242.0
209202_HY5CNBGXT_TCDM_2_D10_A27_4_1_o_ATGGCG_S76_trim1	38.847205839514565	45.0	74.12699697853033	84	9.090909090909092	1427782.0
209203_HY5CNBGXT_TCDM_2_E10_A27_4_2_o_ATTGGT_S77_trim1	40.55089660316915	41.0	80.86126886837656	86	9.090909090909092	6647167.0
209204_HY5CNBGXT_TCDM_2_F10_X4_24_1_o_GCCACA_S78_trim1	41.08281546097417	41.0	80.57993932267365	86	9.090909090909092	5974225.0
209205_HY5CNBGXT_TCDM_2_G10_A27_4_2_i_CATCTA_S79_trim1	43.60555785150883	40.0	81.38146073517774	86	9.090909090909092	6573594.0
209206_HY5CNBGXT_TCDM_2_H10_A27_4_3_i_AACAAG_S80_trim1	42.989583943144424	41.0	79.95257297482233	86	9.090909090909092	6430300.0
209207_HY5CNBGXT_TCDM_2_A11_X4_24_2_o_GCAGCC_S81_trim1	44.0573123668751	37.0	82.61298057042522	86	9.090909090909092	5658796.0
209208_HY5CNBGXT_TCDM_2_B11_X4_24_1_i_ACTCTT_S82_trim1	54.16799554526823	36.0	82.81551965577097	86	18.181818181818183	5764999.0
209209_HY5CNBGXT_TCDM_2_C11_X5_36_3_o_TGCTAT_S83_trim1	15.857304191855448	41.0	79.01007551097234	86	9.090909090909092	45159.0
209210_HY5CNBGXT_TCDM_2_D11_X4_24_2_i_AAGTGG_S84_trim1	50.00658319319093	40.0	80.42093752284484	86	18.181818181818183	4637263.0
209211_HY5CNBGXT_TCDM_2_E11_X4_24_3_o_CTCATA_S85_trim1	43.2114221097339	39.0	82.47532899439237	86	0.0	5666206.0
209212_HY5CNBGXT_TCDM_2_F11_BLANK_AATCCG_S86_trim1	3.3355947535052053	37.0	77.37030755314338	84	9.090909090909092	17688.0
209213_HY5CNBGXT_TCDM_2_G11_A03_4_1_i_GGCCAA_S87_trim1	41.43295787468318	38.0	81.95885247249198	86	9.090909090909092	4939106.0
209214_HY5CNBGXT_TCDM_2_H11_X8_37_2_i_AGACCA_S88_trim1	49.39403894948155	40.0	81.93687143403575	86	9.090909090909092	5500616.0
209215_HY5CNBGXT_TCDM_2_A12_X4_24_3_i_CGCGGA_S89_trim1	48.69780765452564	39.0	82.21653982321118	86	9.090909090909092	6910618.0
209216_HY5CNBGXT_TCDM_2_B12_X8_37_3_o_CCTGCT_S90_trim1	45.39143102678281	39.0	81.34853507540222	86	9.090909090909092	5504413.0
209217_HY5CNBGXT_TCDM_2_C12_X8_37_2_o_GCGCTG_S91_trim1	43.719686321338045	39.0	81.9749770695661	86	0.0	4963927.0
209218_HY5CNBGXT_TCDM_2_D12_X8_37_1_o_GAACCT_S92_trim1	46.06277689517808	39.0	82.43912831757775	86	0.0	5140083.0
209219_HY5CNBGXT_TCDM_2_E12_X8_37_3_i_TTCGAG_S93_trim1	46.823879733901684	38.0	82.52428617950213	86	0.0	6602150.0
209220_HY5CNBGXT_TCDM_2_F12_C14_4_1_i_AGAATC_S94_trim1	47.84763333860743	39.0	82.02119731673695	86	0.0	6241356.0
209221_HY5CNBGXT_TCDM_2_G12_X8_37_1_i_AGGCAT_S95_trim1	43.1612061835751	38.0	81.27272573931272	86	0.0	4624261.0
209222_HY5CNBGXT_TCDM_2_H12_C14_4_1_o_ACACGC_S96_trim1	45.686188992935605	39.0	81.38967104585929	86	9.090909090909092	6217280.0
