Sample	total_reads	avg_input_read_length	uniquely_mapped	uniquely_mapped_percent	avg_mapped_read_length	num_splices	num_annotated_splices	num_GTAG_splices	num_GCAG_splices	num_ATAC_splices	num_noncanonical_splices	mismatch_rate	deletion_rate	deletion_length	insertion_rate	insertion_length	multimapped	multimapped_percent	multimapped_toomany	multimapped_toomany_percent	unmapped_mismatches_percent	unmapped_tooshort_percent	unmapped_other_percent	unmapped_mismatches	unmapped_tooshort	unmapped_other
209031_HY55YBGXT_TCDM_1_A01_A04_1_2_o_CAGCGT_S1_R1_001	1187421.0	60.0	687963.0	57.94	57.15	58072.0	55653.0	57283.0	691.0	71.0	27.0	0.85	0.03	2.38	0.01	1.83	45153.0	3.8	4500.0	0.38	0.03	34.07	3.78	356	404563	44886
209032_HY55YBGXT_TCDM_1_B01_A04_1_1_o_GATCAC_S2_R1_001	357361.0	59.0	209520.0	58.63	55.04	16659.0	15797.0	16354.0	260.0	41.0	4.0	0.92	0.02	2.12	0.01	1.98	14632.0	4.09	1338.0	0.37	0.03	35.48	1.39	107	126796	4967
209033_HY55YBGXT_TCDM_1_C01_BLANK_ACCAGT_S3_R1_001	17593.0	61.0	6954.0	39.53	62.85	414.0	407.0	409.0	5.0	0.0	0.0	1.54	0.03	2.08	0.03	1.76	665.0	3.78	64.0	0.36	0.18	53.44	2.71	32	9402	477
209034_HY55YBGXT_TCDM_1_D01_A04_1_3_i_TGCACG_S4_R1_001	327822.0	57.0	172095.0	52.5	52.27	10357.0	9784.0	10190.0	113.0	52.0	2.0	1.51	0.02	2.17	0.01	2.05	11687.0	3.57	1169.0	0.36	0.03	39.84	3.72	98	130580	12193
209035_HY55YBGXT_TCDM_1_E01_A04_1_3_o_ACATTA_S5_R1_001	2099339.0	64.0	1078538.0	51.38	60.15	66640.0	63934.0	65656.0	866.0	93.0	25.0	0.82	0.03	2.2	0.02	1.86	86576.0	4.12	5495.0	0.26	0.04	40.27	3.93	840	845388	82502
209036_HY55YBGXT_TCDM_1_F01_A27_1_2_i_GTGTAG_S6_R1_001	2031274.0	64.0	949533.0	46.75	60.07	100862.0	97041.0	99262.0	1435.0	143.0	22.0	0.97	0.03	2.94	0.01	2.07	81482.0	4.01	13997.0	0.69	0.06	43.67	4.83	1219	886945	98098
209037_HY55YBGXT_TCDM_1_G01_C17_1_2_o_CTAGTC_S7_R1_001	759017.0	59.0	435209.0	57.34	55.35	34477.0	32983.0	33966.0	389.0	110.0	12.0	0.88	0.02	2.34	0.01	1.77	27027.0	3.56	2800.0	0.37	0.04	35.64	3.05	304	270526	23151
209038_HY55YBGXT_TCDM_1_H01_C17_1_2_i_TGTGCA_S8_R1_001	5039693.0	67.0	3378981.0	67.05	66.72	199878.0	192195.0	196550.0	2809.0	101.0	418.0	0.58	0.03	2.12	0.02	1.75	138055.0	2.74	13692.0	0.27	0.12	26.92	2.9	6048	1356758	146159
209039_HY55YBGXT_TCDM_1_A02_X1_54_2_o_TCAGGA_S9_R1_001	3978385.0	62.0	2210691.0	55.57	59.82	164854.0	158228.0	162470.0	2091.0	208.0	85.0	0.69	0.03	2.26	0.01	1.89	132711.0	3.34	12627.0	0.32	0.05	35.92	4.81	1989	1429010	191357
209040_HY55YBGXT_TCDM_1_B02_X9_27_1_i_CGGTTA_S10_R1_001	242734.0	62.0	128407.0	52.9	57.56	12415.0	11677.0	12229.0	103.0	81.0	2.0	1.46	0.01	1.9	0.01	2.09	8219.0	3.39	550.0	0.23	0.03	39.84	3.62	73	96699	8786
209041_HY55YBGXT_TCDM_1_C02_X9_27_2_i_TTAACT_S11_R1_001	83980.0	61.0	39102.0	46.56	60.42	4968.0	4750.0	4888.0	45.0	34.0	1.0	1.17	0.01	1.87	0.01	1.84	3181.0	3.79	405.0	0.48	0.04	36.65	12.48	34	30778	10480
209042_HY55YBGXT_TCDM_1_D02_X9_27_3_o_ATGAAC_S12_R1_001	136912.0	62.0	68676.0	50.16	58.49	7803.0	7241.0	7649.0	107.0	47.0	0.0	1.44	0.02	2.04	0.01	2.08	5221.0	3.81	484.0	0.35	0.05	43.32	2.3	68	59313	3149
209043_HY55YBGXT_TCDM_1_E02_X11_57_2_o_CCTAAG_S13_R1_001	681106.0	63.0	397533.0	58.37	60.45	34011.0	32639.0	33423.0	485.0	91.0	12.0	0.86	0.02	2.0	0.02	1.83	21910.0	3.22	2301.0	0.34	0.04	34.62	3.42	272	235796	23294
209044_HY55YBGXT_TCDM_1_F02_X11_57_3_o_AATCCG_S14_R1_001	49393.0	57.0	27746.0	56.17	53.22	1896.0	1760.0	1848.0	37.0	10.0	1.0	1.86	0.01	1.94	0.01	1.93	2264.0	4.58	232.0	0.47	0.05	34.52	4.2	25	17052	2075
209045_HY55YBGXT_TCDM_1_G02_X9_27_2_o_GGCTGC_S15_R1_001	6092948.0	67.0	4095248.0	67.21	66.89	253356.0	244393.0	249404.0	3560.0	138.0	254.0	0.66	0.03	1.85	0.02	1.87	175545.0	2.88	15411.0	0.25	0.12	25.65	3.88	7312	1563001	236431
209046_HY55YBGXT_TCDM_1_H02_X11_57_1_o_TACCTT_S16_R1_001	18267.0	51.0	3389.0	18.55	55.17	119.0	111.0	117.0	2.0	0.0	0.0	1.24	0.02	2.21	0.03	2.35	385.0	2.11	44.0	0.24	0.03	78.46	0.61	5	14332	111
209047_HY55YBGXT_TCDM_1_A03_A27_1_1_i_TCTTAA_S17_R1_001	3111176.0	65.0	1603923.0	51.55	62.06	144722.0	139354.0	142495.0	2030.0	166.0	31.0	0.78	0.04	3.13	0.02	2.15	116732.0	3.75	11716.0	0.38	0.06	39.67	4.58	1867	1234421	142517
209048_HY55YBGXT_TCDM_1_B03_X1_54_2_i_GTCAGG_S18_R1_001	26343.0	58.0	14110.0	53.56	56.15	875.0	833.0	856.0	13.0	6.0	0.0	1.32	0.02	2.22	0.02	2.03	893.0	3.39	111.0	0.42	0.05	36.66	5.91	13	9659	1557
209049_HY55YBGXT_TCDM_1_C03_X11_57_2_i_ATACTG_S19_R1_001	12623.0	61.0	5255.0	41.63	62.92	240.0	229.0	238.0	2.0	0.0	0.0	1.16	0.03	2.38	0.03	1.88	573.0	4.54	54.0	0.43	0.11	49.89	3.41	14	6297	430
209050_HY55YBGXT_TCDM_1_D03_X9_27_3_i_TATGTC_S20_R1_001	6044.0	62.0	3483.0	57.63	63.47	190.0	179.0	187.0	2.0	1.0	0.0	0.92	0.04	2.33	0.03	1.91	173.0	2.86	20.0	0.33	0.12	29.91	9.15	7	1808	553
209051_HY55YBGXT_TCDM_1_E03_C17_1_3_i_GAGTCC_S21_R1_001	14039.0	60.0	7164.0	51.03	58.93	446.0	429.0	437.0	8.0	1.0	0.0	1.23	0.03	2.52	0.02	1.63	412.0	2.93	51.0	0.36	0.13	40.81	4.74	18	5728	665
209052_HY55YBGXT_TCDM_1_F03_X11_57_3_i_GGAGGT_S22_R1_001	4534296.0	67.0	2127331.0	46.92	64.13	211786.0	204467.0	208471.0	3013.0	245.0	57.0	0.82	0.02	2.03	0.02	1.82	138766.0	3.06	17404.0	0.38	0.08	44.09	5.48	3627	1998742	248426
209053_HY55YBGXT_TCDM_1_G03_X9_27_1_o_CACACT_S23_R1_001	2162220.0	60.0	1249275.0	57.78	58.44	100670.0	96587.0	99123.0	1324.0	170.0	53.0	0.76	0.02	1.83	0.02	2.02	79932.0	3.7	9791.0	0.45	0.06	33.37	4.64	1297	721590	100335
209054_HY55YBGXT_TCDM_1_H03_A04_1_2_o_CCGCAA_S24_R1_001	2735822.0	61.0	1706283.0	62.37	59.58	133657.0	128730.0	131719.0	1748.0	111.0	79.0	0.7	0.03	2.21	0.02	1.85	99875.0	3.65	13188.0	0.48	0.06	29.12	4.31	1642	796888	117946
209055_HY55YBGXT_TCDM_1_A04_X4_67_2_o_TTTATG_S25_R1_001	7676878.0	69.0	6921479.0	90.16	69.25	159879.0	154332.0	157905.0	1814.0	66.0	94.0	0.57	0.04	2.15	0.02	1.72	144655.0	1.88	7939.0	0.1	0.11	7.08	0.66	8447	543676	50682
209056_HY55YBGXT_TCDM_1_B04_C64_1_2_o_AACGCC_S26_R1_001	4905044.0	66.0	4163242.0	84.88	65.8	99286.0	95700.0	97739.0	1339.0	68.0	140.0	0.51	0.04	2.69	0.02	1.64	115323.0	2.35	6807.0	0.14	0.1	11.83	0.7	4906	580421	34344
209057_HY55YBGXT_TCDM_1_C04_A04_1_1_i_CAAGCA_S27_R1_001	6963376.0	69.0	6243116.0	89.66	69.65	120835.0	115189.0	119359.0	1244.0	69.0	163.0	0.58	0.05	2.15	0.03	1.71	145734.0	2.09	8313.0	0.12	0.08	7.24	0.81	5572	504229	56412
209058_HY55YBGXT_TCDM_1_D04_X4_67_3_i_GCTCGA_S28_R1_001	1000868.0	64.0	777698.0	77.7	62.65	22400.0	21723.0	22049.0	300.0	36.0	15.0	0.65	0.03	2.43	0.01	1.67	25832.0	2.58	1831.0	0.18	0.06	18.55	0.92	601	185697	9210
209059_HY55YBGXT_TCDM_1_E04_A04_1_2_i_GCGAAT_S29_R1_001	6364778.0	69.0	5692038.0	89.43	68.96	117275.0	112768.0	115687.0	1387.0	35.0	166.0	0.59	0.05	2.21	0.03	1.75	131285.0	2.06	6963.0	0.11	0.07	7.56	0.77	4454	481043	48995
209060_HY55YBGXT_TCDM_1_F04_C17_1_1_i_TGGATT_S30_R1_001	8427886.0	70.0	7773879.0	92.24	70.75	129902.0	122900.0	126370.0	1477.0	88.0	1967.0	0.46	0.04	2.06	0.03	1.9	144658.0	1.72	5699.0	0.07	0.08	5.46	0.44	6738	459854	37058
209061_HY55YBGXT_TCDM_1_G04_X4_67_2_i_ACCTAC_S31_R1_001	7386038.0	71.0	6580157.0	89.09	70.92	154688.0	147518.0	152630.0	1893.0	61.0	104.0	0.57	0.03	2.04	0.03	1.68	135398.0	1.83	5639.0	0.08	0.12	7.75	1.13	8865	572505	83475
209062_HY55YBGXT_TCDM_1_H04_X4_67_1_i_CGAAGG_S32_R1_001	9676828.0	70.0	8674031.0	89.64	70.48	250720.0	236671.0	247730.0	2755.0	96.0	139.0	0.56	0.04	2.09	0.02	1.66	199738.0	2.06	9238.0	0.1	0.12	6.56	1.52	11617	635057	147147
209063_HY55YBGXT_TCDM_1_A05_C64_1_2_i_AGATAG_S33_R1_001	4001748.0	64.0	2078568.0	51.94	61.38	150962.0	145567.0	148467.0	2225.0	160.0	110.0	0.69	0.03	2.71	0.01	1.55	135935.0	3.4	12345.0	0.31	0.08	37.17	7.1	3202	1487554	284144
209064_HY55YBGXT_TCDM_1_B05_C64_1_1_o_TTGGTA_S34_R1_001	6585948.0	66.0	4718731.0	71.65	66.43	287799.0	278536.0	283578.0	3889.0	168.0	164.0	0.55	0.03	2.47	0.02	1.62	187325.0	2.84	19523.0	0.3	0.12	22.27	2.82	7903	1466736	185729
209065_HY55YBGXT_TCDM_1_C05_X5_31_3_i_GTTACC_S35_R1_001	4662562.0	67.0	2552736.0	54.75	65.72	178981.0	173118.0	176233.0	2420.0	155.0	173.0	0.71	0.03	2.16	0.02	1.86	132314.0	2.84	12408.0	0.27	0.09	35.5	6.56	4196	1655070	305838
209066_HY55YBGXT_TCDM_1_D05_X4_67_3_o_CGCAAC_S36_R1_001	263534.0	63.0	132420.0	50.25	59.01	12314.0	11706.0	12122.0	117.0	73.0	2.0	1.24	0.01	2.12	0.01	2.01	8984.0	3.41	906.0	0.34	0.04	42.85	3.12	105	112898	8220
209067_HY55YBGXT_TCDM_1_E05_X5_31_2_i_TGGCGA_S37_R1_001	6816337.0	69.0	3865403.0	56.71	68.15	262738.0	253830.0	258640.0	3656.0	167.0	275.0	0.71	0.03	2.07	0.02	1.79	176509.0	2.59	15933.0	0.23	0.09	33.15	7.24	6133	2258992	493367
209068_HY55YBGXT_TCDM_1_F05_C17_1_1_o_ACCGTG_S38_R1_001	27674.0	62.0	11033.0	39.87	61.49	646.0	618.0	630.0	15.0	1.0	0.0	0.79	0.04	2.76	0.02	1.71	787.0	2.84	117.0	0.42	0.12	49.03	7.71	33	13570	2134
209068_HY55YBGXT_TCDM_1_F05_C17_1_1_o_ACCGTG_S38_R1_001_trimmed_still3adapt	27855.0	64.0	10991.0	39.46	61.67	645.0	618.0	629.0	15.0	1.0	0.0	0.79	0.04	2.76	0.02	1.69	714.0	2.56	112.0	0.4	0.12	49.79	7.66	33	13871	2134
209069_HY55YBGXT_TCDM_1_G05_A20_1_1_o_CAACAG_S39_R1_001	671515.0	62.0	358133.0	53.33	59.58	36790.0	35305.0	36222.0	447.0	115.0	6.0	0.95	0.02	1.98	0.01	1.95	26144.0	3.89	4234.0	0.63	0.04	38.34	3.76	269	257484	25251
209070_HY55YBGXT_TCDM_1_H05_C17_1_3_o_GATTGT_S40_R1_001	8112211.0	64.0	3546605.0	43.72	64.95	222987.0	213268.0	219267.0	3216.0	149.0	355.0	0.69	0.03	2.04	0.02	1.77	178279.0	2.2	24589.0	0.3	0.11	25.33	28.34	8923	2054819	2298996
209071_HY55YBGXT_TCDM_1_A06_A20_1_1_i_CTCTCG_S41_R1_001	6684771.0	66.0	3877601.0	58.01	65.44	268806.0	260824.0	264923.0	3615.0	188.0	80.0	0.77	0.02	1.9	0.02	1.91	225761.0	3.38	26559.0	0.4	0.09	34.0	4.13	6016	2272760	276074
209072_HY55YBGXT_TCDM_1_B06_A20_1_2_o_TGACAC_S42_R1_001	577160.0	59.0	379796.0	65.8	57.73	24929.0	24025.0	24598.0	274.0	52.0	5.0	0.79	0.02	2.02	0.02	1.98	20302.0	3.52	2480.0	0.43	0.03	27.87	2.34	173	160899	13509
209073_HY55YBGXT_TCDM_1_C06_X5_31_1_o_AAGACA_S43_R1_001	151259.0	57.0	53996.0	35.7	60.28	3306.0	3136.0	3238.0	60.0	5.0	3.0	1.04	0.03	2.02	0.02	1.81	8766.0	5.8	938.0	0.62	0.13	55.13	2.63	197	83384	3978
209074_HY55YBGXT_TCDM_1_D06_X4_67_1_o_ACAGAT_S44_R1_001	139200.0	63.0	69247.0	49.75	61.26	7863.0	7394.0	7739.0	70.0	53.0	1.0	1.38	0.01	1.87	0.01	2.05	5596.0	4.02	567.0	0.41	0.05	43.65	2.13	70	60756	2965
209075_HY55YBGXT_TCDM_1_E06_A27_1_2_o_TAGGCT_S45_R1_001	497189.0	64.0	265327.0	53.37	59.2	26802.0	25661.0	26227.0	458.0	113.0	4.0	1.28	0.02	2.24	0.01	2.18	17723.0	3.56	2525.0	0.51	0.03	38.45	4.09	149	191134	20331
209076_HY55YBGXT_TCDM_1_F06_X5_31_3_o_CTCCAT_S46_R1_001	105240.0	61.0	56117.0	53.32	57.7	5475.0	5187.0	5363.0	74.0	37.0	1.0	1.36	0.02	1.97	0.01	1.98	3840.0	3.65	438.0	0.42	0.05	39.98	2.59	53	42067	2725
209077_HY55YBGXT_TCDM_1_G06_X5_31_2_o_GCATGG_S47_R1_001	141728.0	59.0	81956.0	57.83	56.9	8587.0	8172.0	8452.0	104.0	29.0	2.0	1.06	0.02	1.93	0.01	1.84	5014.0	3.54	678.0	0.48	0.04	34.51	3.61	57	48907	5116
209078_HY55YBGXT_TCDM_1_H06_C64_1_3_i_AATAGC_S48_R1_001	7490715.0	62.0	4386302.0	58.56	62.11	305493.0	295177.0	300958.0	4164.0	162.0	209.0	0.68	0.03	2.34	0.02	1.64	219232.0	2.93	37144.0	0.5	0.14	31.52	6.36	10487	2361129	476421
209079_HY55YBGXT_TCDM_1_A07_A20_1_2_i_GTGCCA_S49_R1_001	6520475.0	63.0	4588509.0	70.37	63.33	294158.0	285348.0	290127.0	3783.0	102.0	146.0	0.66	0.03	1.92	0.02	1.89	201350.0	3.09	25453.0	0.39	0.1	22.63	3.42	6521	1475634	223008
209080_HY55YBGXT_TCDM_1_B07_A20_1_3_i_TCGAGG_S50_R1_001	7111791.0	66.0	4708529.0	66.21	66.98	255421.0	245789.0	251627.0	3543.0	122.0	129.0	0.72	0.03	1.9	0.03	1.84	205936.0	2.9	22890.0	0.32	0.14	24.4	6.04	9955	1734998	429483
209081_HY55YBGXT_TCDM_1_C07_A20_1_3_o_CACTAA_S51_R1_001	6649252.0	64.0	5180002.0	77.9	65.13	263754.0	255463.0	260153.0	3369.0	122.0	110.0	0.65	0.03	2.01	0.03	1.91	190179.0	2.86	19940.0	0.3	0.07	16.91	1.96	4654	1124177	130301
209082_HY55YBGXT_TCDM_1_D07_A27_1_3_o_GGTATA_S52_R1_001	7352833.0	65.0	5205206.0	70.79	66.39	298597.0	286984.0	294178.0	4129.0	117.0	173.0	0.62	0.04	2.4	0.03	1.94	205498.0	2.79	24929.0	0.34	0.12	20.91	5.04	8825	1537731	370644
209083_HY55YBGXT_TCDM_1_E07_A27_1_1_o_CGCCTG_S53_R1_001	6405884.0	65.0	3772802.0	58.9	64.66	244464.0	235604.0	240869.0	3301.0	154.0	140.0	0.67	0.04	2.7	0.03	2.01	197820.0	3.09	22146.0	0.35	0.09	30.26	7.32	5765	1938436	468914
209084_HY55YBGXT_TCDM_1_F07_X5_31_1_i_AATGAA_S54_R1_001	6741884.0	64.0	3714128.0	55.09	64.45	287752.0	277426.0	282925.0	4466.0	120.0	241.0	0.72	0.03	2.07	0.02	1.79	195188.0	2.9	38204.0	0.57	0.14	30.31	10.99	9440	2043851	741073
209085_HY55YBGXT_TCDM_1_G07_X11_57_1_i_ACAACG_S55_R1_001	6771466.0	65.0	4150297.0	61.29	65.58	283807.0	274315.0	279274.0	4304.0	99.0	130.0	0.69	0.03	2.0	0.02	1.71	183090.0	2.7	29054.0	0.43	0.15	29.19	6.23	10159	1976931	421935
209086_HY55YBGXT_TCDM_1_H07_X2_45_2_i_ATATCC_S56_R1_001	6083646.0	62.0	4262301.0	70.06	63.23	298613.0	287681.0	294090.0	4238.0	143.0	142.0	0.57	0.03	2.28	0.02	1.79	170059.0	2.8	23813.0	0.39	0.13	22.59	4.03	7909	1374378	245186
209087_HY55YBGXT_TCDM_1_A08_X2_45_2_o_AGTACT_S57_R1_001	7597806.0	66.0	4598650.0	60.53	65.38	280970.0	269503.0	276500.0	4101.0	177.0	192.0	0.65	0.04	2.18	0.03	1.79	210731.0	2.77	26608.0	0.35	0.12	29.03	7.2	9117	2205655	547045
209088_HY55YBGXT_TCDM_1_B08_X2_45_1_i_ATAAGA_S58_R1_001	7982026.0	65.0	5834022.0	73.09	66.22	301736.0	291032.0	297313.0	3934.0	122.0	367.0	0.57	0.03	2.17	0.02	1.79	188159.0	2.36	21474.0	0.27	0.12	19.24	4.92	9580	1536007	392784
209089_HY55YBGXT_TCDM_1_C08_X2_45_3_o_GGTGAG_S59_R1_001	7524823.0	64.0	5195822.0	69.05	65.15	285221.0	273097.0	280935.0	3985.0	122.0	179.0	0.59	0.04	2.16	0.03	1.77	185660.0	2.47	26060.0	0.35	0.12	21.1	6.91	9032	1588149	520100
209090_HY55YBGXT_TCDM_1_D08_X2_45_3_i_TTCCGC_S60_R1_001	8339742.0	66.0	6549779.0	78.54	66.97	258403.0	246494.0	254495.0	3593.0	108.0	207.0	0.55	0.04	2.11	0.03	1.68	192482.0	2.31	17269.0	0.21	0.12	13.88	4.95	10007	1157432	412773
209091_HY55YBGXT_TCDM_1_E08_X2_45_1_o_GAAGTG_S61_R1_001	15192.0	62.0	9956.0	65.53	63.9	481.0	468.0	472.0	5.0	1.0	3.0	0.69	0.04	2.14	0.03	1.7	409.0	2.69	56.0	0.37	0.07	26.09	5.24	11	3964	796
209092_HY55YBGXT_TCDM_1_F08_X11_68_1_o_CAATGC_S62_R1_001	25140.0	60.0	13068.0	51.98	61.47	767.0	715.0	755.0	10.0	1.0	1.0	0.99	0.03	2.19	0.02	1.95	963.0	3.83	118.0	0.47	0.09	39.6	4.03	23	9955	1013
209093_HY55YBGXT_TCDM_1_G08_X11_68_1_i_ACGTCT_S63_R1_001	6631556.0	64.0	4238417.0	63.91	64.78	272787.0	263517.0	268338.0	4201.0	135.0	113.0	0.66	0.03	2.16	0.03	1.88	166290.0	2.51	28587.0	0.43	0.17	27.47	5.51	11273	1821607	365382
209094_HY55YBGXT_TCDM_1_H08_X11_68_3_i_CAGGAC_S64_R1_001	6354492.0	64.0	4005467.0	63.03	64.59	297351.0	287143.0	292096.0	4981.0	160.0	114.0	0.64	0.03	2.16	0.03	1.88	159272.0	2.51	29422.0	0.46	0.15	28.22	5.63	9531	1793075	357725
209095_HY55YBGXT_TCDM_1_A09_X11_68_3_o_AAGCTC_S65_R1_001	4385692.0	62.0	2519506.0	57.45	60.98	173453.0	167089.0	170668.0	2502.0	219.0	64.0	0.72	0.03	2.42	0.02	1.83	139852.0	3.19	18374.0	0.42	0.1	33.75	5.09	4386	1480320	223254
209096_HY55YBGXT_TCDM_1_B09_X11_68_2_o_GACGAT_S66_R1_001	7721873.0	69.0	6093463.0	78.91	69.69	265116.0	255690.0	261163.0	3703.0	124.0	126.0	0.61	0.04	2.2	0.03	1.96	179844.0	2.33	18893.0	0.24	0.17	16.79	1.55	13130	1296824	119719
209097_HY55YBGXT_TCDM_1_C09_A20_2_3_o_TCGTTC_S67_R1_001	646399.0	62.0	280935.0	43.46	53.9	14655.0	14099.0	14389.0	199.0	63.0	4.0	1.61	0.01	1.87	0.01	2.01	28754.0	4.45	1827.0	0.28	0.03	48.06	3.72	194	310644	24045
209098_HY55YBGXT_TCDM_1_D09_A03_2_1_o_CCAATT_S68_R1_001	7137881.0	67.0	4394610.0	61.57	66.57	341312.0	328676.0	336338.0	4612.0	171.0	191.0	0.69	0.04	2.17	0.02	1.71	184384.0	2.58	20468.0	0.29	0.1	28.53	6.94	7136	2036016	495266
209099_HY55YBGXT_TCDM_1_E09_C17_2_3_o_AGTTGA_S69_R1_001	5611201.0	63.0	3788596.0	67.52	63.01	196727.0	189346.0	193757.0	2625.0	200.0	145.0	0.54	0.03	2.22	0.02	1.84	140506.0	2.5	15085.0	0.27	0.09	24.81	4.81	5050	1392077	269887
209100_HY55YBGXT_TCDM_1_F09_A03_2_1_i_AACCGA_S70_R1_001	7094214.0	65.0	4859944.0	68.51	65.57	335561.0	322898.0	330515.0	4700.0	137.0	209.0	0.64	0.04	2.16	0.03	1.63	185555.0	2.62	23846.0	0.34	0.16	22.26	6.13	11348	1578760	434762
209101_HY55YBGXT_TCDM_1_G09_C14_2_1_i_CAGATG_S71_R1_001	6149362.0	63.0	4292462.0	69.8	63.69	313384.0	301535.0	308911.0	4197.0	124.0	152.0	0.52	0.03	2.22	0.02	1.76	163970.0	2.67	20818.0	0.34	0.13	21.62	5.44	7995	1329572	334545
209102_HY55YBGXT_TCDM_1_H09_A20_2_2_i_GTAGAA_S72_R1_001	5784834.0	62.0	3600401.0	62.24	62.58	257037.0	248290.0	253125.0	3598.0	196.0	118.0	0.7	0.02	1.91	0.02	1.97	195328.0	3.38	29779.0	0.51	0.1	28.25	5.52	5785	1634218	319323
209103_HY55YBGXT_TCDM_1_A10_A20_2_1_o_GACATC_S73_R1_001	7836386.0	64.0	5668884.0	72.34	64.51	298399.0	288019.0	294092.0	4050.0	123.0	134.0	0.65	0.03	1.98	0.03	1.96	243287.0	3.1	29710.0	0.38	0.08	21.49	2.61	6268	1683743	204494
209104_HY55YBGXT_TCDM_1_B10_C14_2_2_o_CGATCT_S74_R1_001	4207361.0	57.0	2690686.0	63.95	57.64	191602.0	184748.0	188859.0	2517.0	117.0	109.0	0.53	0.02	2.4	0.01	1.74	133514.0	3.17	19664.0	0.47	0.08	26.38	5.95	3366	1109813	250318
209105_HY55YBGXT_TCDM_1_C10_A04_2_3_o_CGTCGC_S75_R1_001	1983077.0	57.0	1293362.0	65.22	57.62	81294.0	78333.0	80072.0	1126.0	47.0	49.0	0.66	0.03	2.0	0.02	1.86	63983.0	3.23	10243.0	0.52	0.06	24.93	6.05	1190	494334	119965
209106_HY55YBGXT_TCDM_1_D10_A04_2_1_o_ATGGCG_S76_R1_001	275370.0	59.0	185482.0	67.36	58.46	9219.0	8885.0	9070.0	139.0	6.0	4.0	0.71	0.03	2.06	0.02	1.8	8385.0	3.04	793.0	0.29	0.04	25.45	3.83	110	70057	10543
209107_HY55YBGXT_TCDM_1_E10_A04_2_1_i_ATTGGT_S77_R1_001	760848.0	57.0	538303.0	70.75	57.06	35307.0	34114.0	34882.0	386.0	22.0	17.0	0.62	0.03	2.17	0.02	1.84	23250.0	3.06	2661.0	0.35	0.04	21.23	4.57	304	161553	34776
209108_HY55YBGXT_TCDM_1_F10_A04_2_3_i_GCCACA_S78_R1_001	1897828.0	58.0	1142814.0	60.22	57.77	92276.0	89154.0	91006.0	1166.0	59.0	45.0	0.7	0.03	2.07	0.02	1.82	65065.0	3.43	11159.0	0.59	0.06	29.84	5.86	1139	566418	111233
209109_HY55YBGXT_TCDM_1_G10_A20_2_1_i_CATCTA_S79_R1_001	6483527.0	64.0	4462911.0	68.83	64.56	280661.0	271476.0	276566.0	3847.0	134.0	114.0	0.66	0.03	1.87	0.03	1.99	198054.0	3.05	26093.0	0.4	0.1	23.57	4.04	6483	1528068	261918
209110_HY55YBGXT_TCDM_1_H10_A04_2_2_o_AACAAG_S80_R1_001	3914536.0	61.0	2025541.0	51.74	59.08	171370.0	164912.0	168771.0	2375.0	123.0	101.0	0.76	0.03	2.15	0.02	1.86	150095.0	3.83	22553.0	0.58	0.07	38.31	5.46	2741	1499846	213760
209111_HY55YBGXT_TCDM_1_A11_A04_2_2_i_GCAGCC_S81_R1_001	6480246.0	67.0	4776391.0	73.71	66.98	267033.0	257782.0	263170.0	3578.0	107.0	178.0	0.61	0.04	2.16	0.02	1.79	163454.0	2.52	16523.0	0.25	0.11	20.38	3.02	7130	1320997	195751
209112_HY55YBGXT_TCDM_1_B11_A20_2_2_o_ACTCTT_S82_R1_001	7272257.0	64.0	5211147.0	71.66	65.38	247214.0	238445.0	243549.0	3414.0	102.0	149.0	0.66	0.03	1.98	0.03	1.94	218691.0	3.01	28293.0	0.39	0.1	20.66	4.18	7274	1502800	304052
209113_HY55YBGXT_TCDM_1_C11_C17_2_1_i_TGCTAT_S83_R1_001	5998188.0	64.0	4221790.0	70.38	65.12	250620.0	241609.0	246748.0	3437.0	125.0	310.0	0.52	0.03	2.19	0.02	1.83	146950.0	2.45	18298.0	0.31	0.13	23.5	3.23	7798	1409606	193746
209114_HY55YBGXT_TCDM_1_D11_A03_2_3_i_AAGTGG_S84_R1_001	8497582.0	69.0	7156025.0	84.21	69.19	297432.0	286867.0	293383.0	3725.0	95.0	229.0	0.57	0.04	2.24	0.03	1.65	193111.0	2.27	16671.0	0.2	0.12	12.08	1.11	10204	1027186	94385
209115_HY55YBGXT_TCDM_1_E11_C14_2_3_i_CTCATA_S85_R1_001	3874921.0	62.0	2395319.0	61.82	61.28	187771.0	181184.0	185058.0	2329.0	305.0	79.0	0.62	0.02	2.25	0.01	1.79	114566.0	2.96	11702.0	0.3	0.07	29.7	5.15	2713	1151031	199590
209116_HY55YBGXT_TCDM_1_F11_C14_2_1_i_CCGACC_S86_R1_001	4947153.0	59.0	3188221.0	64.45	59.57	268713.0	258701.0	264695.0	3721.0	171.0	126.0	0.58	0.02	2.26	0.01	1.69	158769.0	3.21	22792.0	0.46	0.1	26.63	5.15	4948	1317609	254814
209117_HY55YBGXT_TCDM_1_G11_A20_2_3_o_GGCCAA_S87_R1_001	6026060.0	63.0	4000487.0	66.39	63.07	279792.0	269937.0	275806.0	3668.0	217.0	101.0	0.69	0.03	1.96	0.02	1.91	194529.0	3.23	25097.0	0.42	0.08	26.07	3.83	4819	1570415	230713
209118_HY55YBGXT_TCDM_1_H11_C14_2_2_i_AGACCA_S88_R1_001	7858410.0	68.0	5660763.0	72.03	68.88	370092.0	355424.0	364255.0	5566.0	125.0	146.0	0.58	0.03	2.02	0.02	1.74	202567.0	2.58	23878.0	0.3	0.21	22.0	2.87	16505	1729125	225572
209119_HY55YBGXT_TCDM_1_A12_C14_2_3_o_CGCGGA_S89_R1_001	7639630.0	65.0	6123356.0	80.15	65.89	320074.0	307756.0	315697.0	4100.0	103.0	174.0	0.5	0.03	2.14	0.02	1.74	197031.0	2.58	17035.0	0.22	0.11	15.04	1.89	8406	1149367	144435
209120_HY55YBGXT_TCDM_1_B12_C17_2_2_i_CCTGCT_S90_R1_001	6747339.0	64.0	4064410.0	60.24	62.97	291508.0	281323.0	287001.0	4105.0	166.0	236.0	0.57	0.03	2.2	0.02	1.79	192305.0	2.85	20694.0	0.31	0.13	32.96	3.52	8771	2223679	237480
209121_HY55YBGXT_TCDM_1_C12_A03_2_3_o_GCGCTG_S91_R1_001	9328728.0	67.0	7741361.0	82.98	67.44	330699.0	317052.0	326044.0	4286.0	114.0	255.0	0.59	0.04	2.23	0.03	1.69	236884.0	2.54	18650.0	0.2	0.08	12.87	1.33	7461	1200328	124043
209122_HY55YBGXT_TCDM_1_D12_C17_2_3_i_GAACCT_S92_R1_001	3894939.0	63.0	2348091.0	60.29	63.13	190516.0	183177.0	187400.0	2912.0	114.0	90.0	0.57	0.03	2.26	0.02	1.86	117178.0	3.01	22155.0	0.57	0.17	32.64	3.33	6621	1271203	129691
209123_HY55YBGXT_TCDM_1_E12_A03_2_2_o_TTCGAG_S93_R1_001	6112176.0	63.0	4594245.0	75.17	62.98	271686.0	262817.0	267938.0	3428.0	125.0	195.0	0.59	0.04	2.22	0.02	1.77	178826.0	2.93	14968.0	0.24	0.07	19.64	1.95	4279	1200649	119209
209124_HY55YBGXT_TCDM_1_F12_C17_2_2_o_AGAATC_S94_R1_001	7193629.0	65.0	5057783.0	70.31	66.25	331579.0	318774.0	326246.0	4913.0	114.0	306.0	0.56	0.03	2.07	0.02	1.79	177389.0	2.47	25233.0	0.35	0.17	22.78	3.92	12231	1638960	282033
209125_HY55YBGXT_TCDM_1_G12_X8_415_3_i_AGGCAT_S95_R1_001	7297390.0	66.0	5230250.0	71.67	66.38	341522.0	330167.0	336003.0	5172.0	152.0	195.0	0.58	0.03	1.94	0.02	1.73	189417.0	2.6	22354.0	0.31	0.14	22.02	3.27	10214	1606576	238579
209126_HY55YBGXT_TCDM_1_H12_X8_415_3_o_ACACGC_S96_R1_001	8110352.0	63.0	5302774.0	65.38	64.24	325498.0	313275.0	319879.0	5239.0	169.0	211.0	0.62	0.03	1.99	0.02	1.73	247646.0	3.05	39342.0	0.49	0.13	26.93	4.02	10543	2184025	326022
209127_HY5CNBGXT_TCDM_2_A01_X4_46_1_o_CAGCGT_S1_R1_001	4846192.0	68.0	4084686.0	84.29	68.73	128270.0	121850.0	126566.0	1553.0	48.0	103.0	0.57	0.04	2.15	0.03	1.78	114780.0	2.37	7678.0	0.16	0.1	11.71	1.37	4849	567773	66426
209128_HY5CNBGXT_TCDM_2_B01_X8_415_2_i_GATCAC_S2_R1_001	6272988.0	67.0	5760341.0	91.83	67.83	132610.0	127415.0	130719.0	1630.0	54.0	207.0	0.5	0.04	1.96	0.02	1.69	129446.0	2.06	8865.0	0.14	0.07	5.46	0.44	4389	342358	27589
209129_HY5CNBGXT_TCDM_2_C01_X8_415_2_o_ACCAGT_S3_R1_001	5891244.0	68.0	4507842.0	76.52	68.14	213242.0	205521.0	210030.0	2987.0	78.0	147.0	0.59	0.04	1.94	0.02	1.72	147564.0	2.5	14073.0	0.24	0.12	18.15	2.47	7069	1069192	145504
209130_HY5CNBGXT_TCDM_2_D01_X4_46_3_o_TGCACG_S4_R1_001	5851772.0	68.0	4446916.0	75.99	67.84	166833.0	158711.0	164064.0	2531.0	66.0	172.0	0.67	0.05	2.37	0.03	1.66	156360.0	2.67	13750.0	0.23	0.16	16.24	4.71	9359	949895	275493
209131_HY5CNBGXT_TCDM_2_E01_X4_46_1_i_ACATTA_S5_R1_001	6982049.0	68.0	5629740.0	80.63	68.73	240101.0	229145.0	236819.0	3029.0	89.0	164.0	0.61	0.04	2.12	0.03	1.72	173961.0	2.49	15257.0	0.22	0.14	13.64	2.88	9774	952255	201063
209132_HY5CNBGXT_TCDM_2_F01_C14_3_2_o_GTGTAG_S6_R1_001	4606668.0	67.0	4144853.0	89.98	67.1	102223.0	98132.0	100784.0	1296.0	40.0	103.0	0.49	0.04	2.21	0.02	1.76	101506.0	2.2	5292.0	0.11	0.08	7.26	0.37	3684	334296	17037
209133_HY5CNBGXT_TCDM_2_G01_A03_3_1_o_CTAGTC_S7_R1_001	4479451.0	69.0	3863598.0	86.25	69.24	82407.0	78955.0	81245.0	1042.0	38.0	82.0	0.61	0.05	2.28	0.03	1.72	104356.0	2.33	5718.0	0.13	0.1	10.56	0.63	4480	473076	28223
209134_HY5CNBGXT_TCDM_2_H01_A03_3_3_o_TGTGCA_S8_R1_001	6198901.0	68.0	4477966.0	72.24	67.57	141255.0	135531.0	139134.0	1962.0	40.0	119.0	0.65	0.05	2.17	0.03	1.72	194129.0	3.13	9940.0	0.16	0.07	22.43	1.97	4339	1390409	122118
209135_HY5CNBGXT_TCDM_2_A02_X4_32_2_i_TCAGGA_S9_R1_001	5676949.0	68.0	4619842.0	81.38	68.38	92275.0	87694.0	90961.0	1200.0	37.0	77.0	0.57	0.05	2.33	0.03	1.69	135570.0	2.39	6483.0	0.11	0.09	14.37	1.66	5109	815715	94230
209136_HY5CNBGXT_TCDM_2_B02_C14_3_2_i_CGGTTA_S10_R1_001	5618279.0	68.0	4705688.0	83.76	68.46	107478.0	103152.0	105663.0	1677.0	37.0	101.0	0.51	0.04	2.05	0.03	1.73	126666.0	2.25	7709.0	0.14	0.07	12.14	1.65	3930	681641	92645
209137_HY5CNBGXT_TCDM_2_C02_X4_32_3_i_TTAACT_S11_R1_001	4945262.0	68.0	4130732.0	83.53	68.31	78929.0	75181.0	77751.0	1096.0	21.0	61.0	0.56	0.05	2.36	0.03	1.66	114720.0	2.32	5471.0	0.11	0.1	12.37	1.57	4945	611750	77643
209138_HY5CNBGXT_TCDM_2_D02_X4_32_3_o_ATGAAC_S12_R1_001	5235570.0	67.0	4122781.0	78.75	67.15	96257.0	91375.0	94939.0	1192.0	47.0	79.0	0.62	0.06	2.4	0.04	1.72	152087.0	2.9	7978.0	0.15	0.11	14.91	3.18	5758	780501	166465
209139_HY5CNBGXT_TCDM_2_E02_A04_3_2_o_CCTAAG_S13_R1_001	1612326.0	65.0	1434856.0	88.99	65.17	22845.0	21776.0	22535.0	257.0	20.0	33.0	0.63	0.04	1.99	0.03	1.77	34226.0	2.12	2064.0	0.13	0.04	8.25	0.47	645	132961	7575
209140_HY5CNBGXT_TCDM_2_F02_X4_32_1_i_CCGACC_S14_R1_001	4717046.0	71.0	4177720.0	88.57	71.28	65983.0	61718.0	64599.0	1321.0	5.0	58.0	0.55	0.06	2.42	0.03	1.68	87900.0	1.86	2937.0	0.06	0.14	8.72	0.65	6602	411233	30654
209141_HY5CNBGXT_TCDM_2_G02_A04_3_2_i_GGCTGC_S15_R1_001	4631274.0	69.0	4242048.0	91.6	69.72	76370.0	72551.0	75121.0	1145.0	17.0	87.0	0.62	0.05	2.06	0.03	1.67	90141.0	1.95	5902.0	0.13	0.09	5.8	0.44	4168	268635	20379
209142_HY5CNBGXT_TCDM_2_H02_A04_3_1_o_TACCTT_S16_R1_001	5252422.0	68.0	4786683.0	91.13	68.38	107677.0	103378.0	106249.0	1253.0	40.0	135.0	0.6	0.05	2.18	0.03	1.75	103238.0	1.97	6668.0	0.13	0.07	6.36	0.35	3674	333790	18369
209143_HY5CNBGXT_TCDM_2_A03_C14_3_3_o_TCTTAA_S17_R1_001	5067104.0	70.0	4501624.0	88.84	70.5	102147.0	94871.0	100588.0	1403.0	40.0	116.0	0.51	0.04	2.1	0.03	1.98	107700.0	2.13	4468.0	0.09	0.09	8.33	0.53	4558	421909	26844
209144_HY5CNBGXT_TCDM_2_B03_C14_3_1_i_GTCAGG_S18_R1_001	4897974.0	69.0	4503115.0	91.94	69.39	100277.0	95506.0	98819.0	1349.0	21.0	88.0	0.47	0.04	2.11	0.02	1.73	92094.0	1.88	3862.0	0.08	0.09	5.7	0.32	4403	278846	15654
209145_HY5CNBGXT_TCDM_2_C03_A04_3_3_o_ATACTG_S19_R1_001	1322108.0	63.0	1199467.0	90.72	63.81	10895.0	10512.0	10784.0	87.0	6.0	18.0	0.62	0.04	1.98	0.03	1.67	28347.0	2.14	2763.0	0.21	0.02	6.64	0.26	265	87827	3439
209146_HY5CNBGXT_TCDM_2_D03_A27_3_3_i_TATGTC_S20_R1_001	5004208.0	70.0	4534511.0	90.61	70.14	117426.0	111698.0	115720.0	1565.0	40.0	101.0	0.57	0.05	2.83	0.04	1.95	100638.0	2.01	5529.0	0.11	0.08	6.78	0.41	4000	339028	20502
209147_HY5CNBGXT_TCDM_2_E03_C14_3_3_i_GAGTCC_S21_R1_001	130438.0	65.0	90655.0	69.5	65.67	2722.0	2617.0	2683.0	36.0	1.0	2.0	0.61	0.04	2.23	0.03	1.8	3229.0	2.48	248.0	0.19	0.07	25.59	2.17	91	33384	2831
209148_HY5CNBGXT_TCDM_2_F03_A03_3_1_i_GGAGGT_S22_R1_001	2344895.0	66.0	1779368.0	75.88	65.48	59079.0	57220.0	58215.0	777.0	36.0	51.0	0.62	0.04	2.34	0.03	1.72	60679.0	2.59	3208.0	0.14	0.08	19.31	2.0	1876	452860	46904
209149_HY5CNBGXT_TCDM_2_G03_A03_3_3_i_CACACT_S23_R1_001	2435631.0	66.0	2016566.0	82.79	66.24	69356.0	67209.0	68330.0	929.0	19.0	78.0	0.59	0.04	2.32	0.03	1.72	58289.0	2.39	3551.0	0.15	0.1	13.06	1.5	2437	318237	36551
209150_HY5CNBGXT_TCDM_2_H03_X4_32_1_o_CCGCAA_S24_R1_001	5199360.0	69.0	4412718.0	84.87	68.83	122215.0	117696.0	120543.0	1504.0	48.0	120.0	0.57	0.05	2.53	0.03	1.8	120525.0	2.32	5375.0	0.1	0.1	11.82	0.79	5199	614474	41069
209151_HY5CNBGXT_TCDM_2_A04_A04_3_3_i_TTTATG_S25_R1_001	5483402.0	70.0	5088378.0	92.8	70.2	90675.0	84256.0	89291.0	1259.0	35.0	90.0	0.61	0.05	2.04	0.03	1.69	109528.0	2.0	6587.0	0.12	0.07	4.74	0.28	3836	259731	15343
209152_HY5CNBGXT_TCDM_2_B04_X4_32_2_o_AACGCC_S26_R1_001	44508.0	63.0	28331.0	63.65	63.71	860.0	816.0	843.0	16.0	0.0	1.0	0.82	0.05	2.39	0.03	1.79	1371.0	3.08	87.0	0.2	0.11	31.83	1.14	49	14163	507
209153_HY5CNBGXT_TCDM_2_C04_A27_3_1_o_CAAGCA_S27_R1_001	5262870.0	70.0	4801602.0	91.24	70.74	72664.0	67764.0	71745.0	809.0	39.0	71.0	0.57	0.05	2.87	0.04	1.97	108474.0	2.06	5099.0	0.1	0.06	6.11	0.44	3156	321394	23145
209154_HY5CNBGXT_TCDM_2_D04_A27_3_3_o_GCTCGA_S28_R1_001	5131773.0	71.0	4750578.0	92.57	70.98	100158.0	93900.0	98888.0	1161.0	33.0	76.0	0.57	0.05	2.62	0.04	1.9	113842.0	2.22	5062.0	0.1	0.06	4.87	0.19	3074	249484	9733
209155_HY5CNBGXT_TCDM_2_E04_A27_3_2_o_GCGAAT_S29_R1_001	6159796.0	70.0	5503700.0	89.35	70.54	152914.0	143092.0	150770.0	1981.0	58.0	105.0	0.57	0.05	2.54	0.04	1.86	157461.0	2.56	7234.0	0.12	0.07	7.4	0.51	4311	455685	31405
209156_HY5CNBGXT_TCDM_2_F04_X5_66_3_o_TGGATT_S30_R1_001	6285036.0	69.0	5705134.0	90.77	68.99	105781.0	99218.0	104339.0	1243.0	44.0	155.0	0.59	0.05	2.14	0.03	1.85	136404.0	2.17	7662.0	0.12	0.09	6.39	0.45	5660	401875	28301
209157_HY5CNBGXT_TCDM_2_G04_C17_3_1_i_ACCTAC_S31_R1_001	5435944.0	69.0	4241200.0	78.02	69.16	130443.0	124801.0	128339.0	1813.0	67.0	224.0	0.54	0.04	2.11	0.03	1.78	116560.0	2.14	6594.0	0.12	0.12	17.29	2.3	6524	940020	125046
209158_HY5CNBGXT_TCDM_2_H04_C17_3_1_o_CGAAGG_S32_R1_001	6893757.0	69.0	5924037.0	85.93	69.33	151162.0	144289.0	148817.0	1976.0	92.0	277.0	0.51	0.04	2.13	0.03	1.81	146073.0	2.12	9296.0	0.13	0.12	10.89	0.8	8275	750913	55163
209159_HY5CNBGXT_TCDM_2_A05_C17_3_2_i_AGATAG_S33_R1_001	5176132.0	70.0	4469031.0	86.34	69.87	128229.0	121313.0	126369.0	1650.0	41.0	169.0	0.52	0.04	2.09	0.03	1.79	110999.0	2.14	6000.0	0.12	0.12	10.49	0.79	6212	542997	40893
209160_HY5CNBGXT_TCDM_2_B05_C17_3_2_o_TTGGTA_S34_R1_001	5358900.0	70.0	4550145.0	84.91	70.24	153276.0	142610.0	150955.0	2106.0	61.0	154.0	0.54	0.05	2.16	0.03	1.81	124813.0	2.33	6500.0	0.12	0.15	10.88	1.6	8046	583576	85820
209161_HY5CNBGXT_TCDM_2_C05_X5_66_2_i_GTTACC_S35_R1_001	4952020.0	70.0	4320291.0	87.24	69.89	119288.0	108716.0	117483.0	1624.0	63.0	118.0	0.58	0.05	2.11	0.03	1.69	129093.0	2.61	5127.0	0.1	0.11	8.1	1.84	5445	400977	91086
209162_HY5CNBGXT_TCDM_2_D05_X5_66_1_i_CGCAAC_S36_R1_001	5265597.0	70.0	4533598.0	86.1	70.57	150014.0	137118.0	147732.0	2067.0	78.0	137.0	0.6	0.05	2.08	0.04	1.75	122361.0	2.32	5451.0	0.1	0.11	9.82	1.54	5794	517273	81120
209163_HY5CNBGXT_TCDM_2_E05_C17_3_3_o_TGGCGA_S37_R1_001	4493643.0	70.0	4063803.0	90.43	70.47	89519.0	83977.0	88192.0	1132.0	53.0	142.0	0.5	0.05	2.11	0.03	1.82	91288.0	2.03	5069.0	0.11	0.11	6.9	0.41	4944	310112	18427
209164_HY5CNBGXT_TCDM_2_F05_A03_3_2_o_ACCGTG_S38_R1_001	5095695.0	70.0	4540366.0	89.1	70.3	117302.0	108935.0	115745.0	1440.0	28.0	89.0	0.62	0.05	2.14	0.04	1.69	120193.0	2.36	4027.0	0.08	0.07	7.46	0.93	3567	380150	47391
209165_HY5CNBGXT_TCDM_2_G05_X5_66_3_i_CAACAG_S39_R1_001	4648562.0	71.0	4190839.0	90.15	71.17	96413.0	88930.0	95001.0	1265.0	43.0	104.0	0.57	0.05	2.1	0.03	1.81	100796.0	2.17	4445.0	0.1	0.09	7.09	0.39	4191	330132	18160
209166_HY5CNBGXT_TCDM_2_H05_X5_66_1_o_GATTGT_S40_R1_001	1117808.0	61.0	906151.0	81.06	60.79	16768.0	16058.0	16525.0	204.0	24.0	15.0	0.68	0.03	2.14	0.02	1.76	28941.0	2.59	1954.0	0.17	0.05	15.2	0.92	559	169919	10285
209167_HY5CNBGXT_TCDM_2_A06_X5_66_2_o_CTCTCG_S41_R1_001	5371166.0	69.0	4540026.0	84.53	69.67	129637.0	121871.0	127722.0	1759.0	54.0	102.0	0.6	0.05	2.23	0.03	1.79	139680.0	2.6	7348.0	0.14	0.13	11.19	1.42	6981	600880	76251
209168_HY5CNBGXT_TCDM_2_B06_A27_3_2_i_TGACAC_S42_R1_001	4440802.0	69.0	3621617.0	81.55	69.11	132754.0	122935.0	130840.0	1767.0	67.0	80.0	0.61	0.04	2.24	0.05	1.9	107167.0	2.41	5671.0	0.13	0.09	11.35	4.46	3998	504216	198133
209169_HY5CNBGXT_TCDM_2_C06_C64_3_1_o_AAGACA_S43_R1_001	4950570.0	70.0	4278079.0	86.42	70.2	132101.0	123120.0	130185.0	1752.0	54.0	110.0	0.56	0.04	2.32	0.03	1.65	127479.0	2.58	5719.0	0.12	0.17	9.96	0.76	8419	493238	37637
209170_HY5CNBGXT_TCDM_2_D06_X9_35_2_i_ACAGAT_S44_R1_001	5589923.0	69.0	4794582.0	85.77	69.6	152897.0	141135.0	150774.0	1966.0	68.0	89.0	0.57	0.04	2.04	0.05	1.9	137867.0	2.47	6671.0	0.12	0.12	9.93	1.59	6709	555195	88898
209171_HY5CNBGXT_TCDM_2_E06_C64_3_1_i_TAGGCT_S45_R1_001	5737631.0	69.0	4774020.0	83.21	69.74	162269.0	151467.0	159830.0	2242.0	63.0	134.0	0.58	0.04	2.2	0.03	1.59	135182.0	2.36	6078.0	0.11	0.15	12.2	1.98	8608	700117	113626
209172_HY5CNBGXT_TCDM_2_F06_C14_3_1_o_CTCCAT_S46_R1_001	5717542.0	70.0	5015879.0	87.73	70.26	156398.0	143383.0	154075.0	2158.0	58.0	107.0	0.52	0.04	2.09	0.03	1.81	141626.0	2.48	5383.0	0.09	0.12	8.21	1.37	6862	469455	78338
209173_HY5CNBGXT_TCDM_2_G06_X9_35_2_o_GCATGG_S47_R1_001	5292008.0	70.0	4666723.0	88.18	70.39	144413.0	133022.0	142403.0	1850.0	75.0	85.0	0.57	0.04	2.16	0.04	1.84	137564.0	2.6	5536.0	0.1	0.15	7.96	1.01	7931	420854	53400
209174_HY5CNBGXT_TCDM_2_H06_C64_3_2_o_AATAGC_S48_R1_001	6204077.0	69.0	5424491.0	87.43	69.16	162051.0	153224.0	159561.0	2214.0	75.0	201.0	0.56	0.04	2.33	0.03	1.61	151388.0	2.44	8551.0	0.14	0.17	9.06	0.76	10545	561962	47140
209175_HY5CNBGXT_TCDM_2_A07_X9_35_1_i_GTGCCA_S49_R1_001	4393440.0	69.0	3983108.0	90.66	69.61	72100.0	69213.0	71106.0	881.0	50.0	63.0	0.53	0.04	2.24	0.03	1.81	80627.0	1.84	4115.0	0.09	0.07	7.09	0.24	3080	311950	10560
209176_HY5CNBGXT_TCDM_2_B07_C64_3_3_i_TCGAGG_S50_R1_001	4192507.0	66.0	3473412.0	82.85	65.93	117667.0	114113.0	115956.0	1488.0	65.0	158.0	0.55	0.04	2.59	0.02	1.54	96654.0	2.31	6344.0	0.15	0.15	13.24	1.31	6287	554906	54904
209177_HY5CNBGXT_TCDM_2_C07_C17_3_3_i_CACTAA_S51_R1_001	4779779.0	69.0	4035828.0	84.44	69.33	117295.0	111534.0	115515.0	1537.0	50.0	193.0	0.54	0.04	2.1	0.03	1.8	106669.0	2.23	6448.0	0.13	0.12	12.14	0.94	5735	580176	44923
209178_HY5CNBGXT_TCDM_2_D07_X9_35_1_o_GGTATA_S52_R1_001	1521596.0	66.0	1354586.0	89.02	66.51	36158.0	34803.0	35657.0	452.0	16.0	33.0	0.56	0.04	2.46	0.02	1.68	33962.0	2.23	2024.0	0.13	0.08	8.05	0.48	1217	122502	7304
209179_HY5CNBGXT_TCDM_2_E07_X2_24_3_i_CGCCTG_S53_R1_001	5148103.0	70.0	4088712.0	79.42	70.07	182364.0	170785.0	179378.0	2799.0	78.0	109.0	0.59	0.04	2.08	0.03	1.66	128460.0	2.5	8122.0	0.16	0.11	11.5	6.31	5665	592204	324940
209180_HY5CNBGXT_TCDM_2_F07_X2_24_2_o_AATGAA_S54_R1_001	5229657.0	68.0	3658638.0	69.96	68.23	158649.0	153163.0	156312.0	2124.0	102.0	111.0	0.58	0.04	2.25	0.03	1.74	126522.0	2.42	8913.0	0.17	0.13	22.29	5.03	6799	1165726	263060
209181_HY5CNBGXT_TCDM_2_G07_X2_24_1_o_ACAACG_S55_R1_001	6400173.0	69.0	5186142.0	81.03	69.1	195276.0	184209.0	192186.0	2833.0	116.0	141.0	0.61	0.04	2.1	0.03	1.71	169777.0	2.65	10298.0	0.16	0.11	13.67	2.38	7038	874640	152278
209182_HY5CNBGXT_TCDM_2_H07_X10_39_2_i_ATATCC_S56_R1_001	5514292.0	70.0	4505774.0	81.71	70.29	182827.0	171949.0	180026.0	2526.0	99.0	176.0	0.6	0.04	1.97	0.04	1.88	160307.0	2.91	10814.0	0.2	0.14	12.55	2.5	7718	691859	137820
209183_HY5CNBGXT_TCDM_2_A08_X2_24_3_o_AGTACT_S57_R1_001	8201151.0	70.0	6555527.0	79.93	69.83	272556.0	257057.0	268229.0	4054.0	139.0	134.0	0.61	0.04	2.11	0.03	1.69	204342.0	2.49	12721.0	0.16	0.15	15.47	1.8	12301	1268647	147613
209184_HY5CNBGXT_TCDM_2_B08_X2_24_2_i_ATAAGA_S58_R1_001	4577813.0	70.0	3438991.0	75.12	70.03	159065.0	149466.0	156442.0	2427.0	97.0	99.0	0.61	0.04	2.09	0.03	1.67	131790.0	2.88	8579.0	0.19	0.14	14.79	6.88	6409	677080	314964
209185_HY5CNBGXT_TCDM_2_C08_X10_39_3_o_GGTGAG_S59_R1_001	4989934.0	71.0	4277243.0	85.72	70.85	161186.0	150197.0	158933.0	2104.0	54.0	95.0	0.59	0.04	1.98	0.04	1.83	142805.0	2.86	5473.0	0.11	0.13	10.07	1.12	6482	502088	55843
209186_HY5CNBGXT_TCDM_2_D08_X10_39_2_o_TTCCGC_S60_R1_001	5496172.0	70.0	4796411.0	87.27	70.66	155683.0	144840.0	153458.0	2072.0	61.0	92.0	0.58	0.04	1.97	0.04	1.86	147694.0	2.69	7157.0	0.13	0.11	9.08	0.73	6042	498768	40099
209187_HY5CNBGXT_TCDM_2_E08_X2_24_1_i_GAAGTG_S61_R1_001	5526619.0	71.0	4972280.0	89.97	70.88	176198.0	163122.0	173483.0	2540.0	72.0	103.0	0.54	0.04	2.1	0.03	1.7	161866.0	2.93	6726.0	0.12	0.12	6.36	0.5	6632	351483	27632
209188_HY5CNBGXT_TCDM_2_F08_X10_39_3_i_CAATGC_S62_R1_001	5109707.0	70.0	4294671.0	84.05	70.21	170643.0	158064.0	168275.0	2154.0	102.0	112.0	0.59	0.04	1.94	0.04	1.84	146544.0	2.87	7590.0	0.15	0.09	9.8	3.04	4600	500916	155386
209189_HY5CNBGXT_TCDM_2_G08_X5_36_3_i_ACGTCT_S63_R1_001	5772577.0	69.0	4538194.0	78.62	69.34	124910.0	119307.0	122672.0	2007.0	58.0	173.0	0.61	0.05	2.09	0.03	1.75	168492.0	2.92	10494.0	0.18	0.12	15.05	3.11	6928	868913	179556
209190_HY5CNBGXT_TCDM_2_H08_C64_4_2_i_CAGGAC_S64_R1_001	6528328.0	68.0	5018218.0	76.87	68.31	201623.0	194279.0	197805.0	3588.0	82.0	148.0	0.66	0.04	2.39	0.02	1.69	159887.0	2.45	12217.0	0.19	0.16	17.82	2.52	10443	1163086	164477
209191_HY5CNBGXT_TCDM_2_A09_C64_4_3_i_AAGCTC_S65_R1_001	5629638.0	70.0	4405317.0	78.25	69.7	204407.0	197273.0	201084.0	3091.0	72.0	160.0	0.63	0.04	2.3	0.02	1.6	135900.0	2.41	9092.0	0.16	0.28	16.38	2.51	15765	922244	141321
209192_HY5CNBGXT_TCDM_2_B09_X5_36_2_i_GACGAT_S66_R1_001	6234409.0	69.0	4840386.0	77.64	69.33	180327.0	172479.0	177002.0	2969.0	98.0	258.0	0.62	0.04	2.06	0.03	1.71	174436.0	2.8	12214.0	0.2	0.14	15.9	3.32	8731	991592	207050
209193_HY5CNBGXT_TCDM_2_C09_C64_4_1_i_TCGTTC_S67_R1_001	4561299.0	68.0	2226612.0	48.82	66.95	88586.0	84475.0	86671.0	1791.0	44.0	80.0	0.82	0.04	2.27	0.03	1.59	119070.0	2.61	8082.0	0.18	0.16	24.01	24.23	7298	1095102	1105136
209194_HY5CNBGXT_TCDM_2_D09_C14_4_3_o_CCAATT_S68_R1_001	6641677.0	69.0	5017943.0	75.55	68.98	203383.0	193876.0	200180.0	2955.0	77.0	171.0	0.63	0.04	2.35	0.03	1.64	177854.0	2.68	12882.0	0.19	0.22	16.62	4.73	14616	1104146	314236
209195_HY5CNBGXT_TCDM_2_E09_C64_4_2_o_AGTTGA_S69_R1_001	6476365.0	70.0	5305055.0	81.91	70.13	177370.0	168865.0	174143.0	3000.0	82.0	145.0	0.59	0.05	2.45	0.03	1.65	167166.0	2.58	11474.0	0.18	0.21	13.94	1.18	13598	902663	76409
209196_HY5CNBGXT_TCDM_2_F09_C64_4_1_o_AACCGA_S70_R1_001	4535599.0	68.0	3142308.0	69.28	68.31	136209.0	131515.0	133986.0	2078.0	49.0	96.0	0.64	0.04	2.43	0.03	1.68	124676.0	2.75	9745.0	0.21	0.19	26.25	1.32	8616	1190394	59860
209197_HY5CNBGXT_TCDM_2_G09_X5_36_1_i_CAGATG_S71_R1_001	4590566.0	68.0	3206252.0	69.84	67.07	110002.0	106138.0	108364.0	1434.0	43.0	161.0	0.61	0.04	2.03	0.03	1.78	137844.0	3.0	9470.0	0.21	0.15	24.79	2.01	6885	1137856	92259
209198_HY5CNBGXT_TCDM_2_H09_X5_36_2_o_GTAGAA_S72_R1_001	6340808.0	69.0	4842213.0	76.37	68.76	147418.0	140805.0	144874.0	2299.0	73.0	172.0	0.63	0.05	2.15	0.03	1.74	185048.0	2.92	13607.0	0.21	0.14	18.44	1.92	8878	1169312	121750
209199_HY5CNBGXT_TCDM_2_A10_A03_4_2_i_GACATC_S73_R1_001	5815221.0	69.0	4949352.0	85.11	69.11	167594.0	159119.0	165132.0	2256.0	55.0	151.0	0.62	0.04	2.13	0.03	1.6	137582.0	2.37	8638.0	0.15	0.13	11.26	0.99	7557	654543	57549
209200_HY5CNBGXT_TCDM_2_B10_A03_4_3_o_CGATCT_S74_R1_001	4740591.0	66.0	3577254.0	75.46	65.52	143318.0	138597.0	141247.0	1885.0	60.0	126.0	0.63	0.04	2.31	0.03	1.83	137976.0	2.91	9902.0	0.21	0.13	20.54	0.75	6163	973741	35555
209201_HY5CNBGXT_TCDM_2_C10_A27_4_1_i_CGTCGC_S75_R1_001	4583154.0	68.0	3368891.0	73.51	68.07	155600.0	149812.0	153338.0	2114.0	71.0	77.0	0.67	0.04	2.46	0.03	1.91	117868.0	2.57	11498.0	0.25	0.15	20.16	3.36	6875	924019	154003
209202_HY5CNBGXT_TCDM_2_D10_A27_4_1_o_ATGGCG_S76_R1_001	1376237.0	63.0	924720.0	67.19	60.47	53604.0	51539.0	52687.0	824.0	70.0	23.0	0.72	0.04	2.94	0.02	2.01	44090.0	3.2	3059.0	0.22	0.05	28.61	0.72	688	393770	9910
209203_HY5CNBGXT_TCDM_2_E10_A27_4_2_o_ATTGGT_S77_R1_001	6551709.0	69.0	5102780.0	77.88	68.69	246110.0	233160.0	242537.0	3348.0	99.0	126.0	0.63	0.04	2.6	0.04	1.84	181417.0	2.77	11938.0	0.18	0.11	15.48	3.57	7208	1014420	233946
209204_HY5CNBGXT_TCDM_2_F10_X4_24_1_o_GCCACA_S78_R1_001	5891550.0	68.0	4416926.0	74.97	68.45	189021.0	181202.0	186138.0	2665.0	70.0	148.0	0.64	0.05	2.5	0.03	1.58	164618.0	2.79	11529.0	0.2	0.2	19.7	2.14	11783	1160617	126077
209205_HY5CNBGXT_TCDM_2_G10_A27_4_2_i_CATCTA_S79_R1_001	6491251.0	69.0	5227893.0	80.54	69.3	219924.0	210174.0	216719.0	2992.0	96.0	117.0	0.62	0.03	2.27	0.04	1.92	168322.0	2.59	12780.0	0.2	0.11	15.13	1.43	7141	982276	92839
209206_HY5CNBGXT_TCDM_2_H10_A27_4_3_i_AACAAG_S80_R1_001	6311019.0	68.0	4639483.0	73.51	68.09	206854.0	197311.0	203850.0	2792.0	88.0	124.0	0.67	0.04	2.5	0.04	1.92	173645.0	2.75	14992.0	0.24	0.14	19.92	3.44	8834	1256994	217071
209207_HY5CNBGXT_TCDM_2_A11_X4_24_2_o_GCAGCC_S81_R1_001	5618798.0	70.0	5216954.0	92.85	70.44	103050.0	96758.0	101402.0	1475.0	46.0	127.0	0.55	0.05	2.25	0.03	1.58	120316.0	2.14	4653.0	0.08	0.12	4.64	0.17	6739	260588	9547
209208_HY5CNBGXT_TCDM_2_B11_X4_24_1_i_ACTCTT_S82_R1_001	5729266.0	70.0	5390761.0	94.09	70.59	58627.0	55096.0	57644.0	718.0	30.0	235.0	0.53	0.04	2.19	0.03	1.58	126295.0	2.2	3881.0	0.07	0.04	3.51	0.09	2289	200889	5151
209209_HY5CNBGXT_TCDM_2_C11_X5_36_3_o_TGCTAT_S83_R1_001	44467.0	66.0	29876.0	67.19	66.94	1068.0	1026.0	1048.0	19.0	1.0	0.0	0.65	0.04	2.27	0.03	1.73	1226.0	2.76	103.0	0.23	0.09	28.48	1.26	40	12662	560
209210_HY5CNBGXT_TCDM_2_D11_X4_24_2_i_AAGTGG_S84_R1_001	4592831.0	68.0	3840143.0	83.61	68.37	137568.0	133412.0	135627.0	1753.0	33.0	155.0	0.54	0.05	2.43	0.02	1.48	98146.0	2.14	6005.0	0.13	0.1	12.46	1.56	4593	572293	71651
209211_HY5CNBGXT_TCDM_2_E11_X4_24_3_o_CTCATA_S85_R1_001	5608477.0	70.0	4751023.0	84.71	70.24	163081.0	153142.0	160656.0	2211.0	56.0	158.0	0.59	0.05	2.25	0.03	1.59	151090.0	2.69	7136.0	0.13	0.13	11.05	1.29	7289	619605	72334
209212_HY5CNBGXT_TCDM_2_F11_BLANK_AATCCG_S86_R1_001	16774.0	66.0	9906.0	59.06	67.24	372.0	355.0	366.0	6.0	0.0	0.0	0.8	0.04	2.13	0.03	1.87	602.0	3.59	41.0	0.24	0.12	35.25	1.74	20	5913	292
209213_HY5CNBGXT_TCDM_2_G11_A03_4_1_i_GGCCAA_S87_R1_001	4898065.0	70.0	4394995.0	89.73	69.81	111478.0	105675.0	109873.0	1422.0	47.0	136.0	0.59	0.04	2.11	0.03	1.61	102830.0	2.1	4782.0	0.1	0.07	7.5	0.51	3426	367071	24961
209214_HY5CNBGXT_TCDM_2_H11_X8_37_2_i_AGACCA_S88_R1_001	5432062.0	69.0	4164940.0	76.67	69.72	148107.0	138882.0	145490.0	2406.0	80.0	131.0	0.65	0.04	2.0	0.05	1.99	187975.0	3.46	8204.0	0.15	0.12	16.64	2.96	6517	903676	160750
209215_HY5CNBGXT_TCDM_2_A12_X4_24_3_i_CGCGGA_S89_R1_001	6852861.0	70.0	5997913.0	87.52	70.03	198314.0	189938.0	195162.0	2883.0	74.0	195.0	0.56	0.05	2.31	0.03	1.54	157047.0	2.29	8715.0	0.13	0.13	9.13	0.79	8915	626096	54175
209216_HY5CNBGXT_TCDM_2_B12_X8_37_3_o_CCTGCT_S90_R1_001	5458414.0	69.0	4584865.0	84.0	69.15	152464.0	145957.0	150119.0	2155.0	63.0	127.0	0.58	0.04	2.08	0.04	1.95	149851.0	2.75	7523.0	0.14	0.08	12.14	0.9	4367	662680	49128
209217_HY5CNBGXT_TCDM_2_C12_X8_37_2_o_GCGCTG_S91_R1_001	4920329.0	70.0	4097186.0	83.27	69.77	140110.0	132371.0	137800.0	2102.0	78.0	130.0	0.6	0.04	2.06	0.04	2.01	144646.0	2.94	7832.0	0.16	0.11	12.42	1.1	5413	611127	54126
209218_HY5CNBGXT_TCDM_2_D12_X8_37_1_o_GAACCT_S92_R1_001	5098662.0	70.0	4301325.0	84.36	70.22	131273.0	123339.0	129110.0	2018.0	51.0	94.0	0.59	0.04	1.98	0.04	2.01	152985.0	3.0	6788.0	0.13	0.1	11.5	0.91	5096	586090	46378
209219_HY5CNBGXT_TCDM_2_E12_X8_37_3_i_TTCGAG_S93_R1_001	6556810.0	70.0	5733542.0	87.44	70.28	162496.0	154635.0	159810.0	2468.0	72.0	146.0	0.57	0.04	2.01	0.04	1.85	175923.0	2.68	6592.0	0.1	0.08	9.14	0.56	5241	598822	36689
209220_HY5CNBGXT_TCDM_2_F12_C14_4_1_i_AGAATC_S94_R1_001	6184983.0	70.0	5278916.0	85.35	69.95	157319.0	149152.0	154857.0	2264.0	78.0	120.0	0.58	0.04	1.92	0.04	2.01	173829.0	2.81	7286.0	0.12	0.09	10.92	0.71	5567	675467	43918
209221_HY5CNBGXT_TCDM_2_G12_X8_37_1_i_AGGCAT_S95_R1_001	4587710.0	69.0	4035667.0	87.97	69.2	110171.0	104751.0	108701.0	1353.0	29.0	88.0	0.52	0.04	2.13	0.03	1.81	97067.0	2.12	4425.0	0.1	0.08	9.17	0.57	3670	420728	26152
209222_HY5CNBGXT_TCDM_2_H12_C14_4_1_o_ACACGC_S96_R1_001	6165452.0	69.0	5323466.0	86.34	69.28	147211.0	139629.0	145153.0	1871.0	44.0	143.0	0.51	0.04	2.19	0.03	1.81	137795.0	2.23	6855.0	0.11	0.09	10.47	0.75	5549	645544	46242
