	16.0	17.0	18.0	19.0	20.0	21.0	22.0	23.0	24.0	25.0	26.0	27.0	28.0	29.0	30.0	31.0	32.0	33.0	34.0	35.0
209031_HY55YBGXT_TCDM_1_A01_A04_1_2_o_CAGCGT_S1_R1_001	2.0	17.0	89.0	581.0	1933.0	4220.0	7371.0	12929.0	22224.0	31856.0	40889.0	52007.0	51143.0	55571.0	65028.0	80914.0	113459.0	184745.0	330665.0	297186.0
	15.0	16.0	17.0	18.0	19.0	20.0	21.0	22.0	23.0	24.0	25.0	26.0	27.0	28.0	29.0	30.0	31.0	32.0	33.0	34.0	35.0
209032_HY55YBGXT_TCDM_1_B01_A04_1_1_o_GATCAC_S2_R1_001	1.0	1.0	5.0	85.0	575.0	1760.0	3808.0	6126.0	8552.0	9604.0	9874.0	10830.0	12546.0	15455.0	20130.0	24368.0	29056.0	38427.0	58655.0	98001.0	79206.0
	17.0	18.0	19.0	20.0	21.0	22.0	23.0	24.0	25.0	26.0	27.0	28.0	29.0	30.0	31.0	32.0	33.0	34.0	35.0
209033_HY55YBGXT_TCDM_1_C01_BLANK_ACCAGT_S3_R1_001	10.0	53.0	324.0	974.0	1575.0	1709.0	1507.0	1455.0	1410.0	1494.0	1347.0	1249.0	1037.0	935.0	839.0	758.0	879.0	1191.0	923.0
	16.0	17.0	18.0	19.0	20.0	21.0	22.0	23.0	24.0	25.0	26.0	27.0	28.0	29.0	30.0	31.0	32.0	33.0	34.0	35.0
209034_HY55YBGXT_TCDM_1_D01_A04_1_3_i_TGCACG_S4_R1_001	1.0	13.0	69.0	374.0	1221.0	2910.0	5390.0	8752.0	11227.0	11845.0	12699.0	14927.0	18394.0	22940.0	26785.0	30967.0	39807.0	59140.0	94808.0	66214.0
	14.0	15.0	16.0	17.0	18.0	19.0	20.0	21.0	22.0	23.0	24.0	25.0	26.0	27.0	28.0	29.0	30.0	31.0	32.0	33.0	34.0	35.0
209035_HY55YBGXT_TCDM_1_E01_A04_1_3_o_ACATTA_S5_R1_001	1.0	3.0	4.0	48.0	548.0	3413.0	10902.0	19063.0	23548.0	25665.0	26204.0	27955.0	32571.0	39852.0	53235.0	72413.0	90625.0	119367.0	179019.0	315161.0	624545.0	602411.0
	14.0	15.0	16.0	17.0	18.0	19.0	20.0	21.0	22.0	23.0	24.0	25.0	26.0	27.0	28.0	29.0	30.0	31.0	32.0	33.0	34.0	35.0
209036_HY55YBGXT_TCDM_1_F01_A27_1_2_i_GTGTAG_S6_R1_001	1.0	1.0	5.0	12.0	93.0	630.0	2383.0	5749.0	10280.0	16831.0	22687.0	28542.0	36522.0	47387.0	58975.0	75332.0	97033.0	134861.0	210404.0	370555.0	639580.0	467874.0
	16.0	17.0	18.0	19.0	20.0	21.0	22.0	23.0	24.0	25.0	26.0	27.0	28.0	29.0	30.0	31.0	32.0	33.0	34.0	35.0
209037_HY55YBGXT_TCDM_1_G01_C17_1_2_o_CTAGTC_S7_R1_001	2.0	10.0	106.0	607.0	1930.0	4071.0	6950.0	11920.0	20801.0	30501.0	38627.0	44207.0	37244.0	38709.0	44369.0	54854.0	76342.0	119058.0	210524.0	183998.0
	14.0	15.0	16.0	17.0	18.0	19.0	20.0	21.0	22.0	23.0	24.0	25.0	26.0	27.0	28.0	29.0	30.0	31.0	32.0	33.0	34.0	35.0
209038_HY55YBGXT_TCDM_1_H01_C17_1_2_i_TGTGCA_S8_R1_001	1.0	1.0	9.0	21.0	182.0	924.0	3252.0	7348.0	13302.0	22139.0	31613.0	41560.0	56761.0	77159.0	100391.0	129096.0	161385.0	213710.0	318496.0	543763.0	1244037.0	2268663.0
	16.0	17.0	18.0	19.0	20.0	21.0	22.0	23.0	24.0	25.0	26.0	27.0	28.0	29.0	30.0	31.0	32.0	33.0	34.0	35.0
209039_HY55YBGXT_TCDM_1_A02_X1_54_2_o_TCAGGA_S9_R1_001	2.0	28.0	158.0	1083.0	3507.0	6902.0	11122.0	17791.0	30219.0	50555.0	73633.0	97634.0	106220.0	135431.0	173098.0	233548.0	354127.0	589534.0	1097080.0	1219954.0
	17.0	18.0	19.0	20.0	21.0	22.0	23.0	24.0	25.0	26.0	27.0	28.0	29.0	30.0	31.0	32.0	33.0	34.0	35.0
209040_HY55YBGXT_TCDM_1_B02_X9_27_1_i_CGGTTA_S10_R1_001	2.0	13.0	76.0	277.0	627.0	1233.0	2184.0	3299.0	4556.0	5981.0	8463.0	11099.0	13216.0	15901.0	19739.0	27654.0	46252.0	81061.0	55066.0
	14.0	15.0	16.0	17.0	18.0	19.0	20.0	21.0	22.0	23.0	24.0	25.0	26.0	27.0	28.0	29.0	30.0	31.0	32.0	33.0	34.0	35.0
209041_HY55YBGXT_TCDM_1_C02_X9_27_2_i_TTAACT_S11_R1_001	1.0	0.0	0.0	9.0	66.0	465.0	1351.0	2163.0	2542.0	2121.0	1678.0	1563.0	1825.0	2223.0	2976.0	3837.0	4872.0	6412.0	9418.0	15580.0	25721.0	17502.0
	13.0	14.0	15.0	16.0	17.0	18.0	19.0	20.0	21.0	22.0	23.0	24.0	25.0	26.0	27.0	28.0	29.0	30.0	31.0	32.0	33.0	34.0	35.0
209042_HY55YBGXT_TCDM_1_D02_X9_27_3_o_ATGAAC_S12_R1_001	1.0	0.0	0.0	1.0	12.0	177.0	899.0	2865.0	4754.0	4812.0	3899.0	3192.0	3124.0	3782.0	5360.0	6675.0	7953.0	9224.0	11200.0	15128.0	23542.0	41337.0	26926.0
	15.0	16.0	17.0	18.0	19.0	20.0	21.0	22.0	23.0	24.0	25.0	26.0	27.0	28.0	29.0	30.0	31.0	32.0	33.0	34.0	35.0
209043_HY55YBGXT_TCDM_1_E02_X11_57_2_o_CCTAAG_S13_R1_001	1.0	2.0	14.0	166.0	904.0	2991.0	5253.0	6497.0	7600.0	8901.0	10112.0	12189.0	15333.0	20200.0	27004.0	34195.0	44815.0	65800.0	108491.0	194492.0	187808.0
	17.0	18.0	19.0	20.0	21.0	22.0	23.0	24.0	25.0	26.0	27.0	28.0	29.0	30.0	31.0	32.0	33.0	34.0	35.0
209044_HY55YBGXT_TCDM_1_F02_X11_57_3_o_AATCCG_S14_R1_001	1.0	24.0	104.0	311.0	587.0	815.0	947.0	1106.0	1220.0	1495.0	1968.0	2687.0	3885.0	5357.0	7052.0	9661.0	12745.0	15316.0	8930.0
	15.0	16.0	17.0	18.0	19.0	20.0	21.0	22.0	23.0	24.0	25.0	26.0	27.0	28.0	29.0	30.0	31.0	32.0	33.0	34.0	35.0
209045_HY55YBGXT_TCDM_1_G02_X9_27_2_o_GGCTGC_S15_R1_001	1.0	6.0	20.0	129.0	582.0	1864.0	4210.0	7696.0	14391.0	26524.0	42512.0	63375.0	90976.0	117886.0	153254.0	197219.0	267927.0	401056.0	672623.0	1498301.0	2671919.0
	17.0	18.0	19.0	20.0	21.0	22.0	23.0	24.0	25.0	26.0	27.0	28.0	29.0	30.0	31.0	32.0	33.0	34.0	35.0
209046_HY55YBGXT_TCDM_1_H02_X11_57_1_o_TACCTT_S16_R1_001	7.0	41.0	280.0	768.0	1314.0	1588.0	1827.0	2054.0	2403.0	3900.0	6678.0	4471.0	1490.0	646.0	523.0	604.0	896.0	1325.0	876.0
	13.0	14.0	15.0	16.0	17.0	18.0	19.0	20.0	21.0	22.0	23.0	24.0	25.0	26.0	27.0	28.0	29.0	30.0	31.0	32.0	33.0	34.0	35.0
209047_HY55YBGXT_TCDM_1_A03_A27_1_1_i_TCTTAA_S17_R1_001	1.0	1.0	1.0	5.0	24.0	240.0	1536.0	5308.0	11251.0	17974.0	23263.0	27187.0	33074.0	41564.0	53472.0	72840.0	97471.0	125946.0	169333.0	258182.0	458216.0	938112.0	967067.0
	17.0	18.0	19.0	20.0	21.0	22.0	23.0	24.0	25.0	26.0	27.0	28.0	29.0	30.0	31.0	32.0	33.0	34.0	35.0
209048_HY55YBGXT_TCDM_1_B03_X1_54_2_i_GTCAGG_S18_R1_001	2.0	14.0	48.0	111.0	249.0	403.0	601.0	935.0	1214.0	1552.0	2373.0	2919.0	2867.0	2635.0	2728.0	3231.0	4284.0	6519.0	4723.0
	16.0	17.0	18.0	19.0	20.0	21.0	22.0	23.0	24.0	25.0	26.0	27.0	28.0	29.0	30.0	31.0	32.0	33.0	34.0	35.0
209049_HY55YBGXT_TCDM_1_C03_X11_57_2_i_ATACTG_S19_R1_001	2.0	6.0	37.0	242.0	810.0	1357.0	1433.0	1116.0	791.0	668.0	595.0	561.0	486.0	502.0	516.0	504.0	618.0	771.0	1430.0	1754.0
	17.0	18.0	19.0	20.0	21.0	22.0	23.0	24.0	25.0	26.0	27.0	28.0	29.0	30.0	31.0	32.0	33.0	34.0	35.0
209050_HY55YBGXT_TCDM_1_D03_X9_27_3_i_TATGTC_S20_R1_001	1.0	5.0	30.0	82.0	163.0	194.0	226.0	219.0	247.0	265.0	303.0	298.0	308.0	334.0	379.0	469.0	559.0	1043.0	1490.0
	17.0	18.0	19.0	20.0	21.0	22.0	23.0	24.0	25.0	26.0	27.0	28.0	29.0	30.0	31.0	32.0	33.0	34.0	35.0
209051_HY55YBGXT_TCDM_1_E03_C17_1_3_i_GAGTCC_S21_R1_001	2.0	5.0	49.0	123.0	225.0	336.0	511.0	623.0	788.0	946.0	1121.0	1351.0	1372.0	1362.0	1295.0	1459.0	1788.0	2662.0	2399.0
	15.0	16.0	17.0	18.0	19.0	20.0	21.0	22.0	23.0	24.0	25.0	26.0	27.0	28.0	29.0	30.0	31.0	32.0	33.0	34.0	35.0
209052_HY55YBGXT_TCDM_1_F03_X11_57_3_i_GGAGGT_S22_R1_001	2.0	8.0	20.0	132.0	586.0	1868.0	3900.0	7307.0	13298.0	22666.0	34067.0	48888.0	72248.0	100304.0	129840.0	166541.0	228594.0	357733.0	652713.0	1386754.0	1511164.0
	16.0	17.0	18.0	19.0	20.0	21.0	22.0	23.0	24.0	25.0	26.0	27.0	28.0	29.0	30.0	31.0	32.0	33.0	34.0	35.0
209053_HY55YBGXT_TCDM_1_G03_X9_27_1_o_CACACT_S23_R1_001	2.0	26.0	326.0	1950.0	6184.0	11143.0	15213.0	21323.0	31981.0	42813.0	54828.0	69414.0	76857.0	94013.0	110444.0	138267.0	195787.0	297677.0	537357.0	644694.0
	12.0	13.0	14.0	15.0	16.0	17.0	18.0	19.0	20.0	21.0	22.0	23.0	24.0	25.0	26.0	27.0	28.0	29.0	30.0	31.0	32.0	33.0	34.0	35.0
209054_HY55YBGXT_TCDM_1_H03_A04_1_2_o_CCGCAA_S24_R1_001	1.0	0.0	2.0	3.0	5.0	28.0	341.0	1946.0	6566.0	13229.0	20602.0	31697.0	44636.0	52825.0	64494.0	79158.0	100255.0	123730.0	140710.0	171761.0	240189.0	363122.0	671421.0	852631.0
	13.0	14.0	15.0	16.0	17.0	18.0	19.0	20.0	21.0	22.0	23.0	24.0	25.0	26.0	27.0	28.0	29.0	30.0	31.0	32.0	33.0	34.0	35.0
209055_HY55YBGXT_TCDM_1_A04_X4_67_2_o_TTTATG_S25_R1_001	2.0	0.0	1.0	7.0	33.0	217.0	1280.0	4012.0	7637.0	11011.0	14886.0	20701.0	30410.0	45164.0	65737.0	92813.0	130529.0	176970.0	244699.0	361134.0	601990.0	1567294.0	4373175.0
	15.0	16.0	17.0	18.0	19.0	20.0	21.0	22.0	23.0	24.0	25.0	26.0	27.0	28.0	29.0	30.0	31.0	32.0	33.0	34.0	35.0
209056_HY55YBGXT_TCDM_1_B04_C64_1_2_o_AACGCC_S26_R1_001	1.0	7.0	27.0	246.0	1551.0	4745.0	9016.0	12580.0	18281.0	27175.0	36742.0	49183.0	65450.0	87526.0	120327.0	156604.0	208696.0	308385.0	485746.0	1065571.0	2346591.0
	13.0	14.0	15.0	16.0	17.0	18.0	19.0	20.0	21.0	22.0	23.0	24.0	25.0	26.0	27.0	28.0	29.0	30.0	31.0	32.0	33.0	34.0	35.0
209057_HY55YBGXT_TCDM_1_C04_A04_1_1_i_CAAGCA_S27_R1_001	1.0	1.0	6.0	6.0	63.0	547.0	3363.0	10080.0	17070.0	19817.0	20161.0	23411.0	31019.0	44965.0	63614.0	88429.0	122497.0	162578.0	222860.0	331457.0	555426.0	1434836.0	3886832.0
	17.0	18.0	19.0	20.0	21.0	22.0	23.0	24.0	25.0	26.0	27.0	28.0	29.0	30.0	31.0	32.0	33.0	34.0	35.0
209058_HY55YBGXT_TCDM_1_D04_X4_67_3_i_GCTCGA_S28_R1_001	4.0	47.0	272.0	964.0	1963.0	3455.0	6029.0	10186.0	14410.0	17695.0	20961.0	23122.0	30150.0	38816.0	51218.0	74375.0	116619.0	231334.0	410082.0
	13.0	14.0	15.0	16.0	17.0	18.0	19.0	20.0	21.0	22.0	23.0	24.0	25.0	26.0	27.0	28.0	29.0	30.0	31.0	32.0	33.0	34.0	35.0
209059_HY55YBGXT_TCDM_1_E04_A04_1_2_i_GCGAAT_S29_R1_001	1.0	0.0	2.0	4.0	26.0	223.0	1427.0	4384.0	8065.0	11010.0	14533.0	20889.0	30317.0	42266.0	60856.0	84534.0	117966.0	157487.0	215027.0	316941.0	525473.0	1313536.0	3508153.0
	13.0	14.0	15.0	16.0	17.0	18.0	19.0	20.0	21.0	22.0	23.0	24.0	25.0	26.0	27.0	28.0	29.0	30.0	31.0	32.0	33.0	34.0	35.0
209060_HY55YBGXT_TCDM_1_F04_C17_1_1_i_TGGATT_S30_R1_001	1.0	0.0	4.0	5.0	31.0	155.0	786.0	2333.0	4714.0	7056.0	10243.0	17366.0	28304.0	44167.0	65110.0	91944.0	126737.0	170860.0	238507.0	357143.0	611459.0	1668960.0	5040592.0
	13.0	14.0	15.0	16.0	17.0	18.0	19.0	20.0	21.0	22.0	23.0	24.0	25.0	26.0	27.0	28.0	29.0	30.0	31.0	32.0	33.0	34.0	35.0
209061_HY55YBGXT_TCDM_1_G04_X4_67_2_i_ACCTAC_S31_R1_001	2.0	0.0	1.0	6.0	36.0	311.0	1832.0	5752.0	10437.0	13267.0	15379.0	19628.0	28443.0	41617.0	61099.0	86186.0	119779.0	159684.0	220345.0	331745.0	583048.0	1583794.0	4165051.0
	15.0	16.0	17.0	18.0	19.0	20.0	21.0	22.0	23.0	24.0	25.0	26.0	27.0	28.0	29.0	30.0	31.0	32.0	33.0	34.0	35.0
209062_HY55YBGXT_TCDM_1_H04_X4_67_1_i_CGAAGG_S32_R1_001	3.0	8.0	41.0	219.0	1260.0	3823.0	7330.0	10990.0	16053.0	24281.0	37876.0	57574.0	85094.0	119481.0	163220.0	219339.0	302231.0	451953.0	784012.0	2073280.0	5436769.0
	13.0	14.0	15.0	16.0	17.0	18.0	19.0	20.0	21.0	22.0	23.0	24.0	25.0	26.0	27.0	28.0	29.0	30.0	31.0	32.0	33.0	34.0	35.0
209063_HY55YBGXT_TCDM_1_A05_C64_1_2_i_AGATAG_S33_R1_001	1.0	1.0	2.0	4.0	28.0	256.0	1677.0	5786.0	11944.0	18752.0	25765.0	32447.0	40921.0	54773.0	70716.0	93696.0	124223.0	159841.0	216138.0	325597.0	558352.0	1144210.0	1332586.0
	13.0	14.0	15.0	16.0	17.0	18.0	19.0	20.0	21.0	22.0	23.0	24.0	25.0	26.0	27.0	28.0	29.0	30.0	31.0	32.0	33.0	34.0	35.0
209064_HY55YBGXT_TCDM_1_B05_C64_1_1_o_TTGGTA_S34_R1_001	1.0	0.0	2.0	4.0	24.0	174.0	999.0	3574.0	8193.0	15983.0	27245.0	38940.0	50648.0	69673.0	93395.0	123198.0	163472.0	209917.0	278933.0	409068.0	678094.0	1547491.0	3065796.0
	15.0	16.0	17.0	18.0	19.0	20.0	21.0	22.0	23.0	24.0	25.0	26.0	27.0	28.0	29.0	30.0	31.0	32.0	33.0	34.0	35.0
209065_HY55YBGXT_TCDM_1_C05_X5_31_3_i_GTTACC_S35_R1_001	2.0	2.0	15.0	128.0	729.0	2635.0	5658.0	9914.0	16260.0	23018.0	32137.0	45514.0	63616.0	88909.0	119536.0	155537.0	211946.0	329570.0	591980.0	1303884.0	1808328.0
	16.0	17.0	18.0	19.0	20.0	21.0	22.0	23.0	24.0	25.0	26.0	27.0	28.0	29.0	30.0	31.0	32.0	33.0	34.0	35.0
209066_HY55YBGXT_TCDM_1_D05_X4_67_3_o_CGCAAC_S36_R1_001	1.0	9.0	98.0	729.0	2218.0	3774.0	4545.0	5164.0	5859.0	6500.0	7915.0	10004.0	11882.0	13843.0	16051.0	19107.0	27360.0	44451.0	78376.0	55564.0
	16.0	17.0	18.0	19.0	20.0	21.0	22.0	23.0	24.0	25.0	26.0	27.0	28.0	29.0	30.0	31.0	32.0	33.0	34.0	35.0
209067_HY55YBGXT_TCDM_1_E05_X5_31_2_i_TGGCGA_S37_R1_001	6.0	23.0	115.0	467.0	1590.0	3312.0	6183.0	11035.0	20216.0	34075.0	54357.0	80749.0	106553.0	143526.0	197454.0	280992.0	446787.0	837793.0	1932020.0	2796748.0
	16.0	17.0	18.0	19.0	20.0	21.0	22.0	23.0	24.0	25.0	26.0	27.0	28.0	29.0	30.0	31.0	32.0	33.0	34.0	35.0
209068_HY55YBGXT_TCDM_1_F05_C17_1_1_o_ACCGTG_S38_R1_001	1.0	4.0	24.0	118.0	306.0	535.0	519.0	548.0	632.0	695.0	722.0	957.0	1135.0	1335.0	1608.0	1862.0	2524.0	3801.0	6754.0	6813.0
	13.0	14.0	15.0	16.0	17.0	18.0	19.0	20.0	21.0	22.0	23.0	24.0	25.0	26.0	27.0	28.0	29.0	30.0	31.0	32.0	33.0	34.0	35.0
209069_HY55YBGXT_TCDM_1_G05_A20_1_1_o_CAACAG_S39_R1_001	1.0	0.0	0.0	5.0	30.0	290.0	1788.0	5266.0	9291.0	10924.0	11652.0	11923.0	12686.0	14300.0	17465.0	22307.0	29128.0	36610.0	47905.0	69114.0	107907.0	190892.0	167435.0
	15.0	16.0	17.0	18.0	19.0	20.0	21.0	22.0	23.0	24.0	25.0	26.0	27.0	28.0	29.0	30.0	31.0	32.0	33.0	34.0	35.0
209070_HY55YBGXT_TCDM_1_H05_C17_1_3_o_GATTGT_S40_R1_001	2.0	7.0	40.0	254.0	1410.0	4490.0	9635.0	17049.0	30056.0	47594.0	72142.0	101461.0	140211.0	194399.0	277683.0	400710.0	467251.0	583889.0	935499.0	2052293.0	3071024.0
	15.0	16.0	17.0	18.0	19.0	20.0	21.0	22.0	23.0	24.0	25.0	26.0	27.0	28.0	29.0	30.0	31.0	32.0	33.0	34.0	35.0
209071_HY55YBGXT_TCDM_1_A06_A20_1_1_i_CTCTCG_S41_R1_001	2.0	9.0	25.0	161.0	863.0	3071.0	6442.0	11753.0	19794.0	29975.0	43186.0	63287.0	90086.0	125669.0	173693.0	228212.0	314426.0	482196.0	834046.0	1809827.0	2651358.0
	15.0	16.0	17.0	18.0	19.0	20.0	21.0	22.0	23.0	24.0	25.0	26.0	27.0	28.0	29.0	30.0	31.0	32.0	33.0	34.0	35.0
209072_HY55YBGXT_TCDM_1_B06_A20_1_2_o_TGACAC_S42_R1_001	1.0	3.0	16.0	113.0	677.0	2042.0	4372.0	7121.0	10380.0	12421.0	13678.0	15303.0	18252.0	22511.0	29458.0	35313.0	42156.0	55368.0	81605.0	141526.0	166033.0
	14.0	15.0	16.0	17.0	18.0	19.0	20.0	21.0	22.0	23.0	24.0	25.0	26.0	27.0	28.0	29.0	30.0	31.0	32.0	33.0	34.0	35.0
209073_HY55YBGXT_TCDM_1_C06_X5_31_1_o_AAGACA_S43_R1_001	1.0	7.0	9.0	94.0	936.0	5564.0	16321.0	25158.0	23313.0	15491.0	8934.0	6039.0	5201.0	5498.0	5248.0	5147.0	5262.0	5529.0	6531.0	8478.0	14808.0	20044.0
	16.0	17.0	18.0	19.0	20.0	21.0	22.0	23.0	24.0	25.0	26.0	27.0	28.0	29.0	30.0	31.0	32.0	33.0	34.0	35.0
209074_HY55YBGXT_TCDM_1_D06_X4_67_1_o_ACAGAT_S44_R1_001	3.0	21.0	270.0	1675.0	4837.0	7786.0	7553.0	5374.0	3624.0	3032.0	3293.0	4112.0	5409.0	7045.0	8751.0	11263.0	15525.0	24023.0	40841.0	26233.0
	16.0	17.0	18.0	19.0	20.0	21.0	22.0	23.0	24.0	25.0	26.0	27.0	28.0	29.0	30.0	31.0	32.0	33.0	34.0	35.0
209075_HY55YBGXT_TCDM_1_E06_A27_1_2_o_TAGGCT_S45_R1_001	1.0	2.0	31.0	138.0	536.0	1260.0	2270.0	4229.0	6908.0	9514.0	12699.0	18709.0	22412.0	24425.0	30449.0	38823.0	53429.0	91607.0	171897.0	117050.0
	17.0	18.0	19.0	20.0	21.0	22.0	23.0	24.0	25.0	26.0	27.0	28.0	29.0	30.0	31.0	32.0	33.0	34.0	35.0
209076_HY55YBGXT_TCDM_1_F06_X5_31_3_o_CTCCAT_S46_R1_001	7.0	71.0	406.0	1246.0	2150.0	2747.0	2706.0	2863.0	2936.0	3367.0	4196.0	5570.0	6790.0	8321.0	10054.0	13564.0	20068.0	31575.0	20301.0
	16.0	17.0	18.0	19.0	20.0	21.0	22.0	23.0	24.0	25.0	26.0	27.0	28.0	29.0	30.0	31.0	32.0	33.0	34.0	35.0
209077_HY55YBGXT_TCDM_1_G06_X5_31_2_o_GCATGG_S47_R1_001	1.0	3.0	19.0	116.0	340.0	839.0	1475.0	2669.0	4156.0	5067.0	6308.0	8233.0	10081.0	10732.0	11225.0	12546.0	16370.0	24747.0	40870.0	29715.0
	14.0	15.0	16.0	17.0	18.0	19.0	20.0	21.0	22.0	23.0	24.0	25.0	26.0	27.0	28.0	29.0	30.0	31.0	32.0	33.0	34.0	35.0
209078_HY55YBGXT_TCDM_1_H06_C64_1_3_i_AATAGC_S48_R1_001	1.0	5.0	12.0	98.0	763.0	4845.0	15029.0	27954.0	41511.0	59494.0	79169.0	101802.0	132020.0	170816.0	217513.0	272930.0	324442.0	413561.0	582400.0	874373.0	1748498.0	2849278.0
	13.0	14.0	15.0	16.0	17.0	18.0	19.0	20.0	21.0	22.0	23.0	24.0	25.0	26.0	27.0	28.0	29.0	30.0	31.0	32.0	33.0	34.0	35.0
209079_HY55YBGXT_TCDM_1_A07_A20_1_2_i_GTGCCA_S49_R1_001	1.0	1.0	2.0	4.0	24.0	238.0	1456.0	4767.0	10709.0	21293.0	36731.0	53802.0	69773.0	93052.0	124376.0	164646.0	212988.0	261577.0	338218.0	480605.0	712045.0	1434712.0	2767122.0
	15.0	16.0	17.0	18.0	19.0	20.0	21.0	22.0	23.0	24.0	25.0	26.0	27.0	28.0	29.0	30.0	31.0	32.0	33.0	34.0	35.0
209080_HY55YBGXT_TCDM_1_B07_A20_1_3_i_TCGAGG_S50_R1_001	3.0	3.0	24.0	169.0	798.0	2682.0	5265.0	8798.0	14838.0	26542.0	45610.0	73285.0	105851.0	129000.0	166737.0	218714.0	298070.0	439819.0	719997.0	1656130.0	3371861.0
	14.0	15.0	16.0	17.0	18.0	19.0	20.0	21.0	22.0	23.0	24.0	25.0	26.0	27.0	28.0	29.0	30.0	31.0	32.0	33.0	34.0	35.0
209081_HY55YBGXT_TCDM_1_C07_A20_1_3_o_CACTAA_S51_R1_001	2.0	5.0	16.0	85.0	963.0	5876.0	18203.0	31640.0	39013.0	44985.0	52184.0	63364.0	81069.0	106306.0	144913.0	192583.0	234977.0	304329.0	431862.0	656243.0	1437126.0	3027482.0
	12.0	13.0	14.0	15.0	16.0	17.0	18.0	19.0	20.0	21.0	22.0	23.0	24.0	25.0	26.0	27.0	28.0	29.0	30.0	31.0	32.0	33.0	34.0	35.0
209082_HY55YBGXT_TCDM_1_D07_A27_1_3_o_GGTATA_S52_R1_001	1.0	2.0	1.0	3.0	8.0	48.0	330.0	1918.0	6038.0	11879.0	19067.0	27513.0	37657.0	52223.0	73705.0	102491.0	141656.0	191855.0	246699.0	326756.0	465061.0	729414.0	1647088.0	3468461.0
	15.0	16.0	17.0	18.0	19.0	20.0	21.0	22.0	23.0	24.0	25.0	26.0	27.0	28.0	29.0	30.0	31.0	32.0	33.0	34.0	35.0
209083_HY55YBGXT_TCDM_1_E07_A27_1_1_o_CGCCTG_S53_R1_001	1.0	6.0	27.0	171.0	972.0	3298.0	6977.0	12723.0	21667.0	33769.0	48606.0	70127.0	99340.0	136316.0	186387.0	239872.0	319175.0	471844.0	780905.0	1659147.0	2511775.0
	15.0	16.0	17.0	18.0	19.0	20.0	21.0	22.0	23.0	24.0	25.0	26.0	27.0	28.0	29.0	30.0	31.0	32.0	33.0	34.0	35.0
209084_HY55YBGXT_TCDM_1_F07_X5_31_1_i_AATGAA_S54_R1_001	4.0	15.0	115.0	1149.0	6897.0	21116.0	36697.0	46320.0	52916.0	59956.0	73506.0	94311.0	123599.0	159310.0	205409.0	254043.0	334038.0	473152.0	749824.0	1654024.0	2692012.0
	15.0	16.0	17.0	18.0	19.0	20.0	21.0	22.0	23.0	24.0	25.0	26.0	27.0	28.0	29.0	30.0	31.0	32.0	33.0	34.0	35.0
209085_HY55YBGXT_TCDM_1_G07_X11_57_1_i_ACAACG_S55_R1_001	2.0	9.0	91.0	796.0	4738.0	13910.0	24363.0	31258.0	37464.0	45392.0	58995.0	79501.0	107285.0	145137.0	195198.0	243070.0	318985.0	456714.0	711229.0	1577604.0	2940302.0
	13.0	14.0	15.0	16.0	17.0	18.0	19.0	20.0	21.0	22.0	23.0	24.0	25.0	26.0	27.0	28.0	29.0	30.0	31.0	32.0	33.0	34.0	35.0
209086_HY55YBGXT_TCDM_1_H07_X2_45_2_i_ATATCC_S56_R1_001	1.0	0.0	4.0	5.0	58.0	511.0	3156.0	11021.0	22807.0	36651.0	50757.0	60085.0	71124.0	89974.0	115142.0	148644.0	197601.0	244583.0	314202.0	440396.0	654359.0	1342159.0	2576476.0
	13.0	14.0	15.0	16.0	17.0	18.0	19.0	20.0	21.0	22.0	23.0	24.0	25.0	26.0	27.0	28.0	29.0	30.0	31.0	32.0	33.0	34.0	35.0
209087_HY55YBGXT_TCDM_1_A08_X2_45_2_o_AGTACT_S57_R1_001	1.0	0.0	3.0	8.0	68.0	503.0	2735.0	8986.0	17769.0	27225.0	38288.0	48884.0	64766.0	86659.0	116742.0	157098.0	207832.0	261535.0	348220.0	514755.0	865108.0	1924492.0	3207688.0
	13.0	14.0	15.0	16.0	17.0	18.0	19.0	20.0	21.0	22.0	23.0	24.0	25.0	26.0	27.0	28.0	29.0	30.0	31.0	32.0	33.0	34.0	35.0
209088_HY55YBGXT_TCDM_1_B08_X2_45_1_i_ATAAGA_S58_R1_001	1.0	1.0	8.0	19.0	140.0	1413.0	8859.0	25919.0	42592.0	46158.0	46212.0	53535.0	70817.0	93156.0	124820.0	147399.0	191944.0	246948.0	333078.0	488553.0	766405.0	1715955.0	3800312.0
	14.0	15.0	16.0	17.0	18.0	19.0	20.0	21.0	22.0	23.0	24.0	25.0	26.0	27.0	28.0	29.0	30.0	31.0	32.0	33.0	34.0	35.0
209089_HY55YBGXT_TCDM_1_C08_X2_45_3_o_GGTGAG_S59_R1_001	1.0	3.0	3.0	50.0	247.0	1130.0	3741.0	7850.0	14439.0	25961.0	41799.0	60927.0	88235.0	127487.0	168464.0	214847.0	269277.0	357704.0	501753.0	771446.0	1648402.0	3473336.0
	14.0	15.0	16.0	17.0	18.0	19.0	20.0	21.0	22.0	23.0	24.0	25.0	26.0	27.0	28.0	29.0	30.0	31.0	32.0	33.0	34.0	35.0
209090_HY55YBGXT_TCDM_1_D08_X2_45_3_i_TTCCGC_S60_R1_001	3.0	2.0	9.0	39.0	207.0	1212.0	3594.0	7422.0	12732.0	22252.0	37531.0	58491.0	84466.0	119272.0	156283.0	208018.0	269817.0	354372.0	505242.0	790405.0	1797808.0	4130744.0
	18.0	19.0	20.0	21.0	22.0	23.0	24.0	25.0	26.0	27.0	28.0	29.0	30.0	31.0	32.0	33.0	34.0	35.0
209091_HY55YBGXT_TCDM_1_E08_X2_45_1_o_GAAGTG_S61_R1_001	13.0	33.0	60.0	144.0	211.0	315.0	526.0	626.0	703.0	997.0	1282.0	1356.0	1188.0	1213.0	1340.0	1725.0	2942.0	4625.0
	17.0	18.0	19.0	20.0	21.0	22.0	23.0	24.0	25.0	26.0	27.0	28.0	29.0	30.0	31.0	32.0	33.0	34.0	35.0
209092_HY55YBGXT_TCDM_1_F08_X11_68_1_o_CAATGC_S62_R1_001	2.0	35.0	259.0	764.0	1242.0	1384.0	1176.0	1123.0	1253.0	1578.0	2401.0	2351.0	1969.0	2024.0	1859.0	1987.0	2542.0	4324.0	5800.0
	14.0	15.0	16.0	17.0	18.0	19.0	20.0	21.0	22.0	23.0	24.0	25.0	26.0	27.0	28.0	29.0	30.0	31.0	32.0	33.0	34.0	35.0
209093_HY55YBGXT_TCDM_1_G08_X11_68_1_i_ACGTCT_S63_R1_001	2.0	2.0	6.0	28.0	253.0	1511.0	4879.0	9882.0	17128.0	27966.0	41474.0	57447.0	80390.0	112104.0	151366.0	197805.0	243546.0	318218.0	463111.0	714795.0	1514042.0	2894964.0
	14.0	15.0	16.0	17.0	18.0	19.0	20.0	21.0	22.0	23.0	24.0	25.0	26.0	27.0	28.0	29.0	30.0	31.0	32.0	33.0	34.0	35.0
209094_HY55YBGXT_TCDM_1_H08_X11_68_3_i_CAGGAC_S64_R1_001	1.0	4.0	3.0	44.0	287.0	1694.0	5275.0	10201.0	15757.0	24999.0	41809.0	63237.0	90037.0	122768.0	152095.0	191295.0	231760.0	305905.0	449456.0	709400.0	1503716.0	2671479.0
	15.0	16.0	17.0	18.0	19.0	20.0	21.0	22.0	23.0	24.0	25.0	26.0	27.0	28.0	29.0	30.0	31.0	32.0	33.0	34.0	35.0
209095_HY55YBGXT_TCDM_1_A09_X11_68_3_o_AAGCTC_S65_R1_001	3.0	6.0	37.0	338.0	2004.0	6616.0	13623.0	22778.0	36139.0	51008.0	64182.0	80299.0	102217.0	128021.0	160175.0	189690.0	243955.0	357961.0	583977.0	1143251.0	1495865.0
	15.0	16.0	17.0	18.0	19.0	20.0	21.0	22.0	23.0	24.0	25.0	26.0	27.0	28.0	29.0	30.0	31.0	32.0	33.0	34.0	35.0
209096_HY55YBGXT_TCDM_1_B09_X11_68_2_o_GACGAT_S66_R1_001	2.0	9.0	36.0	198.0	1086.0	3353.0	6660.0	10678.0	15590.0	23036.0	34380.0	50932.0	74335.0	104493.0	143543.0	191986.0	261368.0	392296.0	673960.0	1724055.0	4093909.0
	16.0	17.0	18.0	19.0	20.0	21.0	22.0	23.0	24.0	25.0	26.0	27.0	28.0	29.0	30.0	31.0	32.0	33.0	34.0	35.0
209097_HY55YBGXT_TCDM_1_C09_A20_2_3_o_TCGTTC_S67_R1_001	6.0	4.0	17.0	211.0	745.0	1809.0	3420.0	6134.0	9106.0	11155.0	13802.0	18173.0	22245.0	25931.0	31076.0	39906.0	59777.0	108645.0	213379.0	153035.0
	14.0	15.0	16.0	17.0	18.0	19.0	20.0	21.0	22.0	23.0	24.0	25.0	26.0	27.0	28.0	29.0	30.0	31.0	32.0	33.0	34.0	35.0
209098_HY55YBGXT_TCDM_1_D09_A03_2_1_o_CCAATT_S68_R1_001	1.0	7.0	13.0	60.0	520.0	2911.0	8975.0	15868.0	19366.0	23014.0	30886.0	43564.0	63609.0	90627.0	130621.0	176266.0	229115.0	314240.0	481632.0	843261.0	1905726.0	2919936.0
	14.0	15.0	16.0	17.0	18.0	19.0	20.0	21.0	22.0	23.0	24.0	25.0	26.0	27.0	28.0	29.0	30.0	31.0	32.0	33.0	34.0	35.0
209099_HY55YBGXT_TCDM_1_E09_C17_2_3_o_AGTTGA_S69_R1_001	2.0	1.0	4.0	32.0	294.0	1659.0	5675.0	11608.0	18946.0	30965.0	48046.0	66876.0	88689.0	117259.0	140655.0	174900.0	216749.0	283965.0	411533.0	639560.0	1276088.0	2321359.0
	14.0	15.0	16.0	17.0	18.0	19.0	20.0	21.0	22.0	23.0	24.0	25.0	26.0	27.0	28.0	29.0	30.0	31.0	32.0	33.0	34.0	35.0
209100_HY55YBGXT_TCDM_1_F09_A03_2_1_i_AACCGA_S70_R1_001	2.0	1.0	8.0	77.0	751.0	4243.0	12996.0	22200.0	27994.0	34873.0	49749.0	68804.0	93713.0	121934.0	147621.0	193632.0	246134.0	327140.0	473081.0	740556.0	1637437.0	3125110.0
	14.0	15.0	16.0	17.0	18.0	19.0	20.0	21.0	22.0	23.0	24.0	25.0	26.0	27.0	28.0	29.0	30.0	31.0	32.0	33.0	34.0	35.0
209101_HY55YBGXT_TCDM_1_G09_C14_2_1_i_CAGATG_S71_R1_001	2.0	5.0	8.0	55.0	368.0	2314.0	7451.0	15359.0	25541.0	39751.0	56633.0	70946.0	92165.0	121476.0	163159.0	208804.0	245609.0	311314.0	436127.0	642745.0	1324384.0	2672471.0
	15.0	16.0	17.0	18.0	19.0	20.0	21.0	22.0	23.0	24.0	25.0	26.0	27.0	28.0	29.0	30.0	31.0	32.0	33.0	34.0	35.0
209102_HY55YBGXT_TCDM_1_H09_A20_2_2_i_GTAGAA_S72_R1_001	3.0	10.0	42.0	407.0	2838.0	9236.0	18708.0	30103.0	44188.0	57873.0	72681.0	93796.0	122348.0	156781.0	194162.0	234328.0	303700.0	435611.0	670457.0	1351276.0	2287314.0
	14.0	15.0	16.0	17.0	18.0	19.0	20.0	21.0	22.0	23.0	24.0	25.0	26.0	27.0	28.0	29.0	30.0	31.0	32.0	33.0	34.0	35.0
209103_HY55YBGXT_TCDM_1_A10_A20_2_1_o_GACATC_S73_R1_001	1.0	2.0	20.0	56.0	460.0	2580.0	8459.0	17096.0	26492.0	37738.0	48203.0	64712.0	87839.0	119250.0	162745.0	221862.0	284893.0	374727.0	543021.0	838484.0	1774613.0	3460029.0
	13.0	14.0	15.0	16.0	17.0	18.0	19.0	20.0	21.0	22.0	23.0	24.0	25.0	26.0	27.0	28.0	29.0	30.0	31.0	32.0	33.0	34.0	35.0
209104_HY55YBGXT_TCDM_1_B10_C14_2_2_o_CGATCT_S74_R1_001	2.0	2.0	2.0	10.0	50.0	439.0	2876.0	10452.0	23364.0	43191.0	66459.0	83452.0	93010.0	107334.0	128293.0	164502.0	207891.0	235744.0	284611.0	378992.0	529835.0	906304.0	1394491.0
	16.0	17.0	18.0	19.0	20.0	21.0	22.0	23.0	24.0	25.0	26.0	27.0	28.0	29.0	30.0	31.0	32.0	33.0	34.0	35.0
209105_HY55YBGXT_TCDM_1_C10_A04_2_3_o_CGTCGC_S75_R1_001	3.0	21.0	147.0	988.0	3119.0	6837.0	12470.0	22304.0	37023.0	52657.0	67250.0	82748.0	84634.0	96556.0	109383.0	133229.0	179801.0	250756.0	427020.0	632368.0
	15.0	16.0	17.0	18.0	19.0	20.0	21.0	22.0	23.0	24.0	25.0	26.0	27.0	28.0	29.0	30.0	31.0	32.0	33.0	34.0	35.0
209106_HY55YBGXT_TCDM_1_D10_A04_2_1_o_ATGGCG_S76_R1_001	1.0	1.0	8.0	48.0	197.0	531.0	1263.0	2249.0	3984.0	6401.0	8321.0	9723.0	11944.0	13181.0	14424.0	15427.0	18346.0	24016.0	35190.0	61013.0	85450.0
	16.0	17.0	18.0	19.0	20.0	21.0	22.0	23.0	24.0	25.0	26.0	27.0	28.0	29.0	30.0	31.0	32.0	33.0	34.0	35.0
209107_HY55YBGXT_TCDM_1_E10_A04_2_1_i_ATTGGT_S77_R1_001	2.0	11.0	64.0	470.0	1583.0	3504.0	6979.0	13288.0	20102.0	23521.0	26391.0	31866.0	36693.0	40430.0	43635.0	51606.0	67087.0	95238.0	162722.0	243341.0
	14.0	15.0	16.0	17.0	18.0	19.0	20.0	21.0	22.0	23.0	24.0	25.0	26.0	27.0	28.0	29.0	30.0	31.0	32.0	33.0	34.0	35.0
209108_HY55YBGXT_TCDM_1_F10_A04_2_3_i_GCCACA_S78_R1_001	1.0	4.0	5.0	37.0	305.0	2022.0	6831.0	14317.0	24760.0	36993.0	44221.0	46804.0	52878.0	64856.0	81353.0	97963.0	110087.0	130894.0	174414.0	246184.0	432391.0	572387.0
	15.0	16.0	17.0	18.0	19.0	20.0	21.0	22.0	23.0	24.0	25.0	26.0	27.0	28.0	29.0	30.0	31.0	32.0	33.0	34.0	35.0
209109_HY55YBGXT_TCDM_1_G10_A20_2_1_i_CATCTA_S79_R1_001	4.0	13.0	53.0	521.0	3318.0	10698.0	20065.0	29528.0	41020.0	52341.0	64033.0	84737.0	112136.0	149509.0	197016.0	239642.0	310859.0	446718.0	688259.0	1460478.0	2823169.0
	14.0	15.0	16.0	17.0	18.0	19.0	20.0	21.0	22.0	23.0	24.0	25.0	26.0	27.0	28.0	29.0	30.0	31.0	32.0	33.0	34.0	35.0
209110_HY55YBGXT_TCDM_1_H10_A04_2_2_o_AACAAG_S80_R1_001	4.0	5.0	15.0	116.0	1291.0	7513.0	23991.0	42997.0	56229.0	63220.0	65323.0	69122.0	81568.0	98489.0	123896.0	159010.0	188843.0	242023.0	340177.0	531343.0	1019276.0	1183420.0
	14.0	15.0	16.0	17.0	18.0	19.0	20.0	21.0	22.0	23.0	24.0	25.0	26.0	27.0	28.0	29.0	30.0	31.0	32.0	33.0	34.0	35.0
209111_HY55YBGXT_TCDM_1_A11_A04_2_2_i_GCAGCC_S81_R1_001	1.0	2.0	10.0	28.0	197.0	1013.0	3177.0	6611.0	11542.0	19988.0	31284.0	45278.0	62688.0	88306.0	117331.0	154423.0	197940.0	269229.0	401419.0	660729.0	1498973.0	3051079.0
	14.0	15.0	16.0	17.0	18.0	19.0	20.0	21.0	22.0	23.0	24.0	25.0	26.0	27.0	28.0	29.0	30.0	31.0	32.0	33.0	34.0	35.0
209112_HY55YBGXT_TCDM_1_B11_A20_2_2_o_ACTCTT_S82_R1_001	3.0	0.0	9.0	42.0	359.0	2255.0	7112.0	14371.0	22532.0	32533.0	43042.0	57338.0	79466.0	107361.0	146650.0	196713.0	249404.0	330143.0	474257.0	732894.0	1587060.0	3395239.0
	14.0	15.0	16.0	17.0	18.0	19.0	20.0	21.0	22.0	23.0	24.0	25.0	26.0	27.0	28.0	29.0	30.0	31.0	32.0	33.0	34.0	35.0
209113_HY55YBGXT_TCDM_1_C11_C17_2_1_i_TGCTAT_S83_R1_001	3.0	0.0	9.0	34.0	251.0	1587.0	5287.0	12109.0	21229.0	31120.0	39567.0	50260.0	67332.0	91707.0	123813.0	163830.0	207776.0	276283.0	395901.0	613267.0	1319023.0	2771427.0
	15.0	16.0	17.0	18.0	19.0	20.0	21.0	22.0	23.0	24.0	25.0	26.0	27.0	28.0	29.0	30.0	31.0	32.0	33.0	34.0	35.0
209114_HY55YBGXT_TCDM_1_D11_A03_2_3_i_AAGTGG_S84_R1_001	3.0	9.0	31.0	196.0	880.0	2754.0	5716.0	9508.0	16187.0	28852.0	45508.0	68381.0	98028.0	123461.0	159109.0	207561.0	281357.0	415170.0	692503.0	1758582.0	4718478.0
	14.0	15.0	16.0	17.0	18.0	19.0	20.0	21.0	22.0	23.0	24.0	25.0	26.0	27.0	28.0	29.0	30.0	31.0	32.0	33.0	34.0	35.0
209115_HY55YBGXT_TCDM_1_E11_C14_2_3_i_CTCATA_S85_R1_001	1.0	2.0	9.0	46.0	390.0	2325.0	7547.0	14765.0	22249.0	29492.0	35591.0	43932.0	56068.0	73360.0	101918.0	140184.0	173001.0	222670.0	321041.0	503265.0	972140.0	1361437.0
	13.0	14.0	15.0	16.0	17.0	18.0	19.0	20.0	21.0	22.0	23.0	24.0	25.0	26.0	27.0	28.0	29.0	30.0	31.0	32.0	33.0	34.0	35.0
209116_HY55YBGXT_TCDM_1_F11_C14_2_1_i_CCGACC_S86_R1_001	1.0	2.0	1.0	11.0	56.0	413.0	2612.0	8218.0	16199.0	26555.0	43845.0	73142.0	108275.0	143097.0	174192.0	189198.0	227087.0	254595.0	308013.0	429443.0	602690.0	1088215.0	1693298.0
	14.0	15.0	16.0	17.0	18.0	19.0	20.0	21.0	22.0	23.0	24.0	25.0	26.0	27.0	28.0	29.0	30.0	31.0	32.0	33.0	34.0	35.0
209117_HY55YBGXT_TCDM_1_G11_A20_2_3_o_GGCCAA_S87_R1_001	1.0	4.0	8.0	50.0	421.0	2545.0	8653.0	18213.0	30974.0	47039.0	60026.0	72570.0	93032.0	123714.0	161824.0	208366.0	256039.0	329417.0	465676.0	724397.0	1450226.0	2298184.0
	13.0	14.0	15.0	16.0	17.0	18.0	19.0	20.0	21.0	22.0	23.0	24.0	25.0	26.0	27.0	28.0	29.0	30.0	31.0	32.0	33.0	34.0	35.0
209118_HY55YBGXT_TCDM_1_H11_C14_2_2_i_AGACCA_S88_R1_001	1.0	0.0	2.0	11.0	72.0	861.0	4930.0	15186.0	26306.0	32275.0	35744.0	41493.0	52214.0	71099.0	98556.0	132309.0	174185.0	219626.0	290373.0	430222.0	717170.0	1820947.0	3868238.0
	15.0	16.0	17.0	18.0	19.0	20.0	21.0	22.0	23.0	24.0	25.0	26.0	27.0	28.0	29.0	30.0	31.0	32.0	33.0	34.0	35.0
209119_HY55YBGXT_TCDM_1_A12_C14_2_3_o_CGCGGA_S89_R1_001	5.0	5.0	35.0	221.0	1097.0	3567.0	7451.0	12392.0	20833.0	36859.0	66927.0	106471.0	138252.0	164818.0	210022.0	260355.0	341184.0	491445.0	753013.0	1625323.0	3637919.0
	14.0	15.0	16.0	17.0	18.0	19.0	20.0	21.0	22.0	23.0	24.0	25.0	26.0	27.0	28.0	29.0	30.0	31.0	32.0	33.0	34.0	35.0
209120_HY55YBGXT_TCDM_1_B12_C17_2_2_i_CCTGCT_S90_R1_001	1.0	2.0	3.0	31.0	236.0	1404.0	4783.0	9661.0	17626.0	31017.0	50278.0	70933.0	95891.0	131936.0	169741.0	214382.0	260450.0	342911.0	511753.0	834008.0	1683200.0	2592564.0
	14.0	15.0	16.0	17.0	18.0	19.0	20.0	21.0	22.0	23.0	24.0	25.0	26.0	27.0	28.0	29.0	30.0	31.0	32.0	33.0	34.0	35.0
209121_HY55YBGXT_TCDM_1_C12_A03_2_3_o_GCGCTG_S91_R1_001	1.0	4.0	9.0	41.0	243.0	1240.0	4196.0	9655.0	18657.0	32082.0	49266.0	68029.0	95439.0	127211.0	167382.0	224461.0	287010.0	378600.0	538234.0	853537.0	1986145.0	4752943.0
	14.0	15.0	16.0	17.0	18.0	19.0	20.0	21.0	22.0	23.0	24.0	25.0	26.0	27.0	28.0	29.0	30.0	31.0	32.0	33.0	34.0	35.0
209122_HY55YBGXT_TCDM_1_D12_C17_2_3_i_GAACCT_S92_R1_001	1.0	0.0	7.0	32.0	240.0	1587.0	5533.0	12213.0	21089.0	29850.0	36798.0	44136.0	56237.0	72850.0	96533.0	126644.0	155023.0	202101.0	291931.0	461320.0	944318.0	1524441.0
	14.0	15.0	16.0	17.0	18.0	19.0	20.0	21.0	22.0	23.0	24.0	25.0	26.0	27.0	28.0	29.0	30.0	31.0	32.0	33.0	34.0	35.0
209123_HY55YBGXT_TCDM_1_E12_A03_2_2_o_TTCGAG_S93_R1_001	1.0	1.0	11.0	35.0	222.0	1193.0	4218.0	9552.0	17655.0	29763.0	44648.0	59688.0	81228.0	106528.0	137499.0	186415.0	237680.0	311918.0	440058.0	676939.0	1379974.0	2606263.0
	14.0	15.0	16.0	17.0	18.0	19.0	20.0	21.0	22.0	23.0	24.0	25.0	26.0	27.0	28.0	29.0	30.0	31.0	32.0	33.0	34.0	35.0
209124_HY55YBGXT_TCDM_1_F12_C17_2_2_o_AGAATC_S94_R1_001	1.0	4.0	6.0	85.0	773.0	4292.0	13101.0	23470.0	29934.0	38712.0	52617.0	70827.0	93102.0	122420.0	146077.0	186845.0	234604.0	307750.0	445640.0	698278.0	1592112.0	3371900.0
	15.0	16.0	17.0	18.0	19.0	20.0	21.0	22.0	23.0	24.0	25.0	26.0	27.0	28.0	29.0	30.0	31.0	32.0	33.0	34.0	35.0
209125_HY55YBGXT_TCDM_1_G12_X8_415_3_i_AGGCAT_S95_R1_001	5.0	7.0	28.0	241.0	1381.0	4618.0	9517.0	16095.0	25570.0	37658.0	55672.0	80153.0	114004.0	159181.0	216272.0	276286.0	367717.0	524806.0	815128.0	1763361.0	2995701.0
	15.0	16.0	17.0	18.0	19.0	20.0	21.0	22.0	23.0	24.0	25.0	26.0	27.0	28.0	29.0	30.0	31.0	32.0	33.0	34.0	35.0
209126_HY55YBGXT_TCDM_1_H12_X8_415_3_o_ACACGC_S96_R1_001	2.0	20.0	80.0	705.0	3947.0	12703.0	24521.0	39401.0	62062.0	90282.0	118330.0	153858.0	208990.0	255988.0	297697.0	333466.0	415252.0	582731.0	884736.0	1877428.0	3265595.0
	16.0	17.0	18.0	19.0	20.0	21.0	22.0	23.0	24.0	25.0	26.0	27.0	28.0	29.0	30.0	31.0	32.0	33.0	34.0	35.0
209127_HY5CNBGXT_TCDM_2_A01_X4_46_1_o_CAGCGT_S1_R1_001	3.0	11.0	116.0	762.0	2896.0	5817.0	9877.0	15083.0	23548.0	35817.0	52786.0	70844.0	88565.0	114264.0	143045.0	184467.0	256747.0	395727.0	858031.0	2705164.0
	16.0	17.0	18.0	19.0	20.0	21.0	22.0	23.0	24.0	25.0	26.0	27.0	28.0	29.0	30.0	31.0	32.0	33.0	34.0	35.0
209128_HY5CNBGXT_TCDM_2_B01_X8_415_2_i_GATCAC_S2_R1_001	2.0	33.0	205.0	1347.0	4767.0	9898.0	14309.0	18487.0	24848.0	35643.0	51551.0	75273.0	104578.0	144673.0	187542.0	246290.0	342608.0	498234.0	1001220.0	3610221.0
	15.0	16.0	17.0	18.0	19.0	20.0	21.0	22.0	23.0	24.0	25.0	26.0	27.0	28.0	29.0	30.0	31.0	32.0	33.0	34.0	35.0
209129_HY5CNBGXT_TCDM_2_C01_X8_415_2_o_ACCAGT_S3_R1_001	2.0	2.0	20.0	212.0	1253.0	4459.0	8901.0	12536.0	15426.0	22013.0	35168.0	53422.0	75215.0	103016.0	137104.0	176966.0	232933.0	330546.0	515829.0	1111145.0	3145145.0
	15.0	16.0	17.0	18.0	19.0	20.0	21.0	22.0	23.0	24.0	25.0	26.0	27.0	28.0	29.0	30.0	31.0	32.0	33.0	34.0	35.0
209130_HY5CNBGXT_TCDM_2_D01_X4_46_3_o_TGCACG_S4_R1_001	1.0	2.0	30.0	133.0	721.0	2403.0	5186.0	8848.0	14063.0	22777.0	36301.0	55169.0	80917.0	110808.0	150938.0	192477.0	248132.0	340988.0	524540.0	1124713.0	3078600.0
	15.0	16.0	17.0	18.0	19.0	20.0	21.0	22.0	23.0	24.0	25.0	26.0	27.0	28.0	29.0	30.0	31.0	32.0	33.0	34.0	35.0
209131_HY5CNBGXT_TCDM_2_E01_X4_46_1_i_ACATTA_S5_R1_001	3.0	24.0	130.0	850.0	4694.0	15409.0	30075.0	37623.0	38014.0	39171.0	48536.0	66997.0	92418.0	126452.0	169674.0	217289.0	277646.0	381626.0	585695.0	1275603.0	3773221.0
	16.0	17.0	18.0	19.0	20.0	21.0	22.0	23.0	24.0	25.0	26.0	27.0	28.0	29.0	30.0	31.0	32.0	33.0	34.0	35.0
209132_HY5CNBGXT_TCDM_2_F01_C14_3_2_o_GTGTAG_S6_R1_001	1.0	9.0	96.0	655.0	2488.0	5693.0	9347.0	14414.0	21040.0	30771.0	44854.0	64730.0	89633.0	120394.0	152407.0	198767.0	272795.0	396758.0	783238.0	2475197.0
	15.0	16.0	17.0	18.0	19.0	20.0	21.0	22.0	23.0	24.0	25.0	26.0	27.0	28.0	29.0	30.0	31.0	32.0	33.0	34.0	35.0
209133_HY5CNBGXT_TCDM_2_G01_A03_3_1_o_CTAGTC_S7_R1_001	1.0	1.0	10.0	113.0	625.0	2220.0	4737.0	7182.0	10330.0	15835.0	25802.0	38584.0	52521.0	69970.0	93972.0	121112.0	158110.0	221221.0	338389.0	736563.0	2640047.0
	15.0	16.0	17.0	18.0	19.0	20.0	21.0	22.0	23.0	24.0	25.0	26.0	27.0	28.0	29.0	30.0	31.0	32.0	33.0	34.0	35.0
209134_HY5CNBGXT_TCDM_2_H01_A03_3_3_o_TGTGCA_S8_R1_001	1.0	4.0	19.0	130.0	897.0	3059.0	6279.0	9918.0	14424.0	21961.0	34377.0	51673.0	76073.0	104738.0	141862.0	182764.0	241793.0	344685.0	551481.0	1245279.0	3272531.0
	16.0	17.0	18.0	19.0	20.0	21.0	22.0	23.0	24.0	25.0	26.0	27.0	28.0	29.0	30.0	31.0	32.0	33.0	34.0	35.0
209135_HY5CNBGXT_TCDM_2_A02_X4_32_2_i_TCAGGA_S9_R1_001	6.0	13.0	207.0	1236.0	4103.0	7992.0	11926.0	16590.0	24757.0	38764.0	57319.0	74390.0	95507.0	128672.0	164623.0	216140.0	300941.0	458894.0	982959.0	3201635.0
	15.0	16.0	17.0	18.0	19.0	20.0	21.0	22.0	23.0	24.0	25.0	26.0	27.0	28.0	29.0	30.0	31.0	32.0	33.0	34.0	35.0
209136_HY5CNBGXT_TCDM_2_B02_C14_3_2_i_CGGTTA_S10_R1_001	1.0	5.0	19.0	96.0	569.0	2051.0	4457.0	7302.0	11392.0	17498.0	27793.0	43242.0	64729.0	89946.0	120624.0	156429.0	206483.0	291282.0	450683.0	964264.0	3236787.0
	16.0	17.0	18.0	19.0	20.0	21.0	22.0	23.0	24.0	25.0	26.0	27.0	28.0	29.0	30.0	31.0	32.0	33.0	34.0	35.0
209137_HY5CNBGXT_TCDM_2_C02_X4_32_3_i_TTAACT_S11_R1_001	3.0	33.0	288.0	1731.0	5766.0	11226.0	14860.0	17000.0	20282.0	27712.0	40391.0	57744.0	80724.0	109432.0	140648.0	184706.0	259214.0	395005.0	837218.0	2817204.0
	16.0	17.0	18.0	19.0	20.0	21.0	22.0	23.0	24.0	25.0	26.0	27.0	28.0	29.0	30.0	31.0	32.0	33.0	34.0	35.0
209138_HY5CNBGXT_TCDM_2_D02_X4_32_3_o_ATGAAC_S12_R1_001	8.0	63.0	467.0	2532.0	8419.0	15743.0	20000.0	21594.0	24755.0	33693.0	48732.0	68728.0	94307.0	126404.0	162278.0	212878.0	297509.0	456250.0	960150.0	2805023.0
	16.0	17.0	18.0	19.0	20.0	21.0	22.0	23.0	24.0	25.0	26.0	27.0	28.0	29.0	30.0	31.0	32.0	33.0	34.0	35.0
209139_HY5CNBGXT_TCDM_2_E02_A04_3_2_o_CCTAAG_S13_R1_001	2.0	9.0	103.0	746.0	2846.0	6216.0	9538.0	12026.0	14216.0	17300.0	21962.0	28382.0	38429.0	51170.0	61555.0	75342.0	98266.0	135831.0	255107.0	844186.0
	16.0	17.0	18.0	19.0	20.0	21.0	22.0	23.0	24.0	25.0	26.0	27.0	28.0	29.0	30.0	31.0	32.0	33.0	34.0	35.0
209140_HY5CNBGXT_TCDM_2_F02_X4_32_1_i_CCGACC_S14_R1_001	5.0	13.0	97.0	526.0	1799.0	4154.0	6446.0	9363.0	13708.0	21172.0	32895.0	47409.0	65955.0	88214.0	115567.0	153940.0	216812.0	346457.0	799596.0	2829500.0
	16.0	17.0	18.0	19.0	20.0	21.0	22.0	23.0	24.0	25.0	26.0	27.0	28.0	29.0	30.0	31.0	32.0	33.0	34.0	35.0
209141_HY5CNBGXT_TCDM_2_G02_A04_3_2_i_GGCTGC_S15_R1_001	2.0	13.0	59.0	288.0	1107.0	2488.0	4423.0	7546.0	12933.0	21879.0	34824.0	51409.0	70648.0	96606.0	126037.0	166491.0	232422.0	353841.0	760027.0	2736307.0
	16.0	17.0	18.0	19.0	20.0	21.0	22.0	23.0	24.0	25.0	26.0	27.0	28.0	29.0	30.0	31.0	32.0	33.0	34.0	35.0
209142_HY5CNBGXT_TCDM_2_H02_A04_3_1_o_TACCTT_S16_R1_001	4.0	22.0	154.0	1153.0	4231.0	8523.0	12171.0	16437.0	22665.0	32974.0	46865.0	65562.0	85484.0	116670.0	150106.0	194576.0	268190.0	397979.0	825413.0	3077168.0
	15.0	16.0	17.0	18.0	19.0	20.0	21.0	22.0	23.0	24.0	25.0	26.0	27.0	28.0	29.0	30.0	31.0	32.0	33.0	34.0	35.0
209143_HY5CNBGXT_TCDM_2_A03_C14_3_3_o_TCTTAA_S17_R1_001	1.0	3.0	29.0	180.0	1231.0	4291.0	8667.0	11685.0	13439.0	16027.0	22524.0	34305.0	50246.0	71003.0	96835.0	126669.0	168049.0	237021.0	375775.0	853270.0	3025057.0
	17.0	18.0	19.0	20.0	21.0	22.0	23.0	24.0	25.0	26.0	27.0	28.0	29.0	30.0	31.0	32.0	33.0	34.0	35.0
209144_HY5CNBGXT_TCDM_2_B03_C14_3_1_i_GTCAGG_S18_R1_001	12.0	95.0	566.0	2089.0	4269.0	7065.0	10982.0	16981.0	25866.0	39722.0	57288.0	77897.0	103743.0	132612.0	173087.0	240766.0	360504.0	768876.0	2938810.0
	16.0	17.0	18.0	19.0	20.0	21.0	22.0	23.0	24.0	25.0	26.0	27.0	28.0	29.0	30.0	31.0	32.0	33.0	34.0	35.0
209145_HY5CNBGXT_TCDM_2_C03_A04_3_3_o_ATACTG_S19_R1_001	3.0	7.0	128.0	732.0	2546.0	5195.0	7221.0	8638.0	10326.0	12905.0	17422.0	22368.0	30524.0	42448.0	54271.0	65928.0	86184.0	112477.0	194154.0	694160.0
	15.0	16.0	17.0	18.0	19.0	20.0	21.0	22.0	23.0	24.0	25.0	26.0	27.0	28.0	29.0	30.0	31.0	32.0	33.0	34.0	35.0
209146_HY5CNBGXT_TCDM_2_D03_A27_3_3_i_TATGTC_S20_R1_001	1.0	6.0	24.0	93.0	555.0	2048.0	4307.0	6871.0	9486.0	14369.0	22762.0	35785.0	50913.0	68054.0	92879.0	122555.0	163582.0	231626.0	361193.0	810639.0	3054095.0
	15.0	16.0	17.0	18.0	19.0	20.0	21.0	22.0	23.0	24.0	25.0	26.0	27.0	28.0	29.0	30.0	31.0	32.0	33.0	34.0	35.0
209147_HY5CNBGXT_TCDM_2_E03_C14_3_3_i_GAGTCC_S21_R1_001	1.0	1.0	2.0	34.0	190.0	431.0	841.0	1044.0	1245.0	1455.0	1739.0	2390.0	3214.0	3989.0	4383.0	4747.0	5724.0	7937.0	11574.0	22786.0	63404.0
	15.0	16.0	17.0	18.0	19.0	20.0	21.0	22.0	23.0	24.0	25.0	26.0	27.0	28.0	29.0	30.0	31.0	32.0	33.0	34.0	35.0
209148_HY5CNBGXT_TCDM_2_F03_A03_3_1_i_GGAGGT_S22_R1_001	1.0	3.0	16.0	60.0	326.0	1163.0	2701.0	4776.0	7836.0	12308.0	18411.0	26699.0	38286.0	50277.0	64828.0	81096.0	104328.0	145054.0	217123.0	446068.0	1176682.0
	15.0	16.0	17.0	18.0	19.0	20.0	21.0	22.0	23.0	24.0	25.0	26.0	27.0	28.0	29.0	30.0	31.0	32.0	33.0	34.0	35.0
209149_HY5CNBGXT_TCDM_2_G03_A03_3_3_i_CACACT_S23_R1_001	2.0	3.0	23.0	279.0	1741.0	5917.0	11436.0	14576.0	15128.0	17134.0	22080.0	29905.0	38624.0	49614.0	65683.0	81683.0	104041.0	143714.0	210111.0	418020.0	1261556.0
	15.0	16.0	17.0	18.0	19.0	20.0	21.0	22.0	23.0	24.0	25.0	26.0	27.0	28.0	29.0	30.0	31.0	32.0	33.0	34.0	35.0
209150_HY5CNBGXT_TCDM_2_H03_X4_32_1_o_CCGCAA_S24_R1_001	1.0	3.0	21.0	205.0	1370.0	4961.0	10550.0	15017.0	18521.0	23635.0	32770.0	47546.0	67280.0	92015.0	121617.0	153845.0	199929.0	277165.0	423615.0	904402.0	2871339.0
	16.0	17.0	18.0	19.0	20.0	21.0	22.0	23.0	24.0	25.0	26.0	27.0	28.0	29.0	30.0	31.0	32.0	33.0	34.0	35.0
209151_HY5CNBGXT_TCDM_2_A04_A04_3_3_i_TTTATG_S25_R1_001	4.0	22.0	88.0	603.0	2187.0	4616.0	7356.0	10259.0	14496.0	22550.0	34766.0	51913.0	73127.0	100013.0	133283.0	176731.0	250198.0	388762.0	874586.0	3401992.0
	17.0	18.0	19.0	20.0	21.0	22.0	23.0	24.0	25.0	26.0	27.0	28.0	29.0	30.0	31.0	32.0	33.0	34.0	35.0
209152_HY5CNBGXT_TCDM_2_B04_X4_32_2_o_AACGCC_S26_R1_001	2.0	54.0	271.0	996.0	1962.0	2549.0	2511.0	2349.0	2243.0	2308.0	2346.0	2192.0	2005.0	1935.0	2082.0	2390.0	3266.0	5241.0	12864.0
	16.0	17.0	18.0	19.0	20.0	21.0	22.0	23.0	24.0	25.0	26.0	27.0	28.0	29.0	30.0	31.0	32.0	33.0	34.0	35.0
209153_HY5CNBGXT_TCDM_2_C04_A27_3_1_o_CAAGCA_S27_R1_001	1.0	47.0	299.0	2060.0	7411.0	14727.0	18902.0	18663.0	19382.0	24631.0	35073.0	50389.0	70749.0	95137.0	125196.0	164577.0	233113.0	366035.0	833627.0	3227109.0
	16.0	17.0	18.0	19.0	20.0	21.0	22.0	23.0	24.0	25.0	26.0	27.0	28.0	29.0	30.0	31.0	32.0	33.0	34.0	35.0
209154_HY5CNBGXT_TCDM_2_D04_A27_3_3_o_GCTCGA_S28_R1_001	1.0	13.0	62.0	384.0	1505.0	3161.0	5305.0	8258.0	13307.0	21441.0	33444.0	47837.0	67212.0	91744.0	121341.0	161743.0	228054.0	360248.0	826940.0	3180189.0
	16.0	17.0	18.0	19.0	20.0	21.0	22.0	23.0	24.0	25.0	26.0	27.0	28.0	29.0	30.0	31.0	32.0	33.0	34.0	35.0
209155_HY5CNBGXT_TCDM_2_E04_A27_3_2_o_GCGAAT_S29_R1_001	2.0	14.0	113.0	829.0	2934.0	6082.0	9158.0	12327.0	17415.0	26812.0	40666.0	60334.0	84545.0	115419.0	151173.0	202410.0	285854.0	455328.0	1050026.0	3701603.0
	16.0	17.0	18.0	19.0	20.0	21.0	22.0	23.0	24.0	25.0	26.0	27.0	28.0	29.0	30.0	31.0	32.0	33.0	34.0	35.0
209156_HY5CNBGXT_TCDM_2_F04_X5_66_3_o_TGGATT_S30_R1_001	2.0	23.0	86.0	587.0	2013.0	4318.0	7111.0	10939.0	17848.0	29427.0	45435.0	67856.0	92470.0	126762.0	167107.0	222025.0	312879.0	472710.0	1008658.0	3764233.0
	16.0	17.0	18.0	19.0	20.0	21.0	22.0	23.0	24.0	25.0	26.0	27.0	28.0	29.0	30.0	31.0	32.0	33.0	34.0	35.0
209157_HY5CNBGXT_TCDM_2_G04_C17_3_1_i_ACCTAC_S31_R1_001	4.0	33.0	224.0	1505.0	5185.0	10507.0	14887.0	17606.0	22236.0	30662.0	44394.0	64077.0	89224.0	119889.0	153148.0	200888.0	285864.0	454641.0	1011992.0	2974037.0
	16.0	17.0	18.0	19.0	20.0	21.0	22.0	23.0	24.0	25.0	26.0	27.0	28.0	29.0	30.0	31.0	32.0	33.0	34.0	35.0
209158_HY5CNBGXT_TCDM_2_H04_C17_3_1_o_CGAAGG_S32_R1_001	4.0	14.0	158.0	860.0	3513.0	7336.0	11447.0	16453.0	24084.0	36629.0	55713.0	81196.0	111716.0	148992.0	189353.0	248362.0	347413.0	533386.0	1158977.0	4007017.0
	15.0	16.0	17.0	18.0	19.0	20.0	21.0	22.0	23.0	24.0	25.0	26.0	27.0	28.0	29.0	30.0	31.0	32.0	33.0	34.0	35.0
209159_HY5CNBGXT_TCDM_2_A05_C17_3_2_i_AGATAG_S33_R1_001	1.0	4.0	21.0	164.0	1130.0	4119.0	8902.0	12784.0	15824.0	19883.0	27476.0	39773.0	56419.0	78414.0	105540.0	135759.0	176476.0	247247.0	384439.0	861611.0	3076318.0
	16.0	17.0	18.0	19.0	20.0	21.0	22.0	23.0	24.0	25.0	26.0	27.0	28.0	29.0	30.0	31.0	32.0	33.0	34.0	35.0
209160_HY5CNBGXT_TCDM_2_B05_C17_3_2_o_TTGGTA_S34_R1_001	4.0	21.0	85.0	487.0	1732.0	3924.0	6559.0	10111.0	15497.0	24596.0	37236.0	55297.0	76996.0	102385.0	133879.0	178264.0	252167.0	408847.0	951760.0	3177377.0
	16.0	17.0	18.0	19.0	20.0	21.0	22.0	23.0	24.0	25.0	26.0	27.0	28.0	29.0	30.0	31.0	32.0	33.0	34.0	35.0
209161_HY5CNBGXT_TCDM_2_C05_X5_66_2_i_GTTACC_S35_R1_001	5.0	20.0	88.0	529.0	1795.0	3889.0	6346.0	9510.0	14618.0	22802.0	35184.0	52075.0	72968.0	99062.0	130147.0	172699.0	245130.0	392275.0	881556.0	2892941.0
	16.0	17.0	18.0	19.0	20.0	21.0	22.0	23.0	24.0	25.0	26.0	27.0	28.0	29.0	30.0	31.0	32.0	33.0	34.0	35.0
209162_HY5CNBGXT_TCDM_2_D05_X5_66_1_i_CGCAAC_S36_R1_001	2.0	28.0	192.0	1143.0	4050.0	8490.0	12013.0	14335.0	18291.0	26313.0	39200.0	56635.0	77947.0	104541.0	137365.0	183309.0	261917.0	424082.0	970760.0	2996048.0
	15.0	16.0	17.0	18.0	19.0	20.0	21.0	22.0	23.0	24.0	25.0	26.0	27.0	28.0	29.0	30.0	31.0	32.0	33.0	34.0	35.0
209163_HY5CNBGXT_TCDM_2_E05_C17_3_3_o_TGGCGA_S37_R1_001	1.0	1.0	5.0	55.0	302.0	978.0	2453.0	4128.0	7036.0	11866.0	20228.0	31524.0	45830.0	63091.0	86594.0	113448.0	150136.0	211997.0	331941.0	746446.0	2707136.0
	17.0	18.0	19.0	20.0	21.0	22.0	23.0	24.0	25.0	26.0	27.0	28.0	29.0	30.0	31.0	32.0	33.0	34.0	35.0
209164_HY5CNBGXT_TCDM_2_F05_A03_3_2_o_ACCGTG_S38_R1_001	13.0	83.0	470.0	1636.0	3508.0	5650.0	8901.0	13660.0	21962.0	34507.0	51857.0	71710.0	97028.0	128034.0	168366.0	238799.0	377454.0	864106.0	3060501.0
	16.0	17.0	18.0	19.0	20.0	21.0	22.0	23.0	24.0	25.0	26.0	27.0	28.0	29.0	30.0	31.0	32.0	33.0	34.0	35.0
209165_HY5CNBGXT_TCDM_2_G05_X5_66_3_i_CAACAG_S39_R1_001	7.0	31.0	395.0	2259.0	7989.0	16235.0	20175.0	19539.0	19213.0	23315.0	32595.0	45507.0	62638.0	83587.0	108505.0	144359.0	204006.0	324111.0	756812.0	2827763.0
	16.0	17.0	18.0	19.0	20.0	21.0	22.0	23.0	24.0	25.0	26.0	27.0	28.0	29.0	30.0	31.0	32.0	33.0	34.0	35.0
209166_HY5CNBGXT_TCDM_2_H05_X5_66_1_o_GATTGT_S40_R1_001	1.0	4.0	78.0	616.0	2366.0	5112.0	8228.0	12225.0	15931.0	19290.0	23449.0	29754.0	35201.0	42352.0	50120.0	61338.0	80994.0	110137.0	195653.0	501413.0
	16.0	17.0	18.0	19.0	20.0	21.0	22.0	23.0	24.0	25.0	26.0	27.0	28.0	29.0	30.0	31.0	32.0	33.0	34.0	35.0
209167_HY5CNBGXT_TCDM_2_A06_X5_66_2_o_CTCTCG_S41_R1_001	1.0	3.0	90.0	584.0	2115.0	4686.0	7667.0	11212.0	16426.0	26066.0	39569.0	57602.0	81095.0	110114.0	142557.0	188773.0	265025.0	418874.0	942503.0	3129094.0
	16.0	17.0	18.0	19.0	20.0	21.0	22.0	23.0	24.0	25.0	26.0	27.0	28.0	29.0	30.0	31.0	32.0	33.0	34.0	35.0
209168_HY5CNBGXT_TCDM_2_B06_A27_3_2_i_TGACAC_S42_R1_001	2.0	29.0	181.0	981.0	3321.0	6680.0	9508.0	12476.0	17166.0	25901.0	38106.0	55237.0	75504.0	103220.0	134417.0	173500.0	243025.0	382319.0	844720.0	2419825.0
	14.0	15.0	16.0	17.0	18.0	19.0	20.0	21.0	22.0	23.0	24.0	25.0	26.0	27.0	28.0	29.0	30.0	31.0	32.0	33.0	34.0	35.0
209169_HY5CNBGXT_TCDM_2_C06_C64_3_1_o_AAGACA_S43_R1_001	1.0	0.0	10.0	90.0	718.0	4745.0	16211.0	30856.0	36530.0	32107.0	27367.0	29120.0	38355.0	53270.0	70994.0	95507.0	123757.0	162895.0	231675.0	367455.0	840381.0	2866426.0
	16.0	17.0	18.0	19.0	20.0	21.0	22.0	23.0	24.0	25.0	26.0	27.0	28.0	29.0	30.0	31.0	32.0	33.0	34.0	35.0
209170_HY5CNBGXT_TCDM_2_D06_X9_35_2_i_ACAGAT_S44_R1_001	6.0	65.0	510.0	2625.0	8845.0	17237.0	21646.0	21726.0	23205.0	30522.0	43257.0	62879.0	86547.0	117237.0	151617.0	199875.0	283500.0	447314.0	996280.0	3185153.0
	16.0	17.0	18.0	19.0	20.0	21.0	22.0	23.0	24.0	25.0	26.0	27.0	28.0	29.0	30.0	31.0	32.0	33.0	34.0	35.0
209171_HY5CNBGXT_TCDM_2_E06_C64_3_1_i_TAGGCT_S45_R1_001	4.0	5.0	73.0	408.0	1228.0	2867.0	5105.0	8509.0	15159.0	25301.0	40955.0	61114.0	85841.0	116524.0	154050.0	206530.0	293715.0	470267.0	1054534.0	3266898.0
	16.0	17.0	18.0	19.0	20.0	21.0	22.0	23.0	24.0	25.0	26.0	27.0	28.0	29.0	30.0	31.0	32.0	33.0	34.0	35.0
209172_HY5CNBGXT_TCDM_2_F06_C14_3_1_o_CTCCAT_S46_R1_001	4.0	25.0	187.0	1034.0	3427.0	7142.0	10231.0	13082.0	17590.0	25996.0	39941.0	58429.0	82590.0	111313.0	146222.0	194569.0	277687.0	446095.0	1018741.0	3344532.0
	16.0	17.0	18.0	19.0	20.0	21.0	22.0	23.0	24.0	25.0	26.0	27.0	28.0	29.0	30.0	31.0	32.0	33.0	34.0	35.0
209173_HY5CNBGXT_TCDM_2_G06_X9_35_2_o_GCATGG_S47_R1_001	2.0	11.0	77.0	424.0	1329.0	2961.0	5155.0	8469.0	13865.0	22633.0	35631.0	53605.0	75008.0	102003.0	133776.0	178945.0	253723.0	407559.0	938612.0	3123946.0
	16.0	17.0	18.0	19.0	20.0	21.0	22.0	23.0	24.0	25.0	26.0	27.0	28.0	29.0	30.0	31.0	32.0	33.0	34.0	35.0
209174_HY5CNBGXT_TCDM_2_H06_C64_3_2_o_AATAGC_S48_R1_001	7.0	44.0	358.0	2470.0	8653.0	17566.0	21784.0	23400.0	26440.0	35468.0	50177.0	70959.0	97834.0	131936.0	170461.0	224510.0	315677.0	481295.0	1040219.0	3573040.0
	15.0	16.0	17.0	18.0	19.0	20.0	21.0	22.0	23.0	24.0	25.0	26.0	27.0	28.0	29.0	30.0	31.0	32.0	33.0	34.0	35.0
209175_HY5CNBGXT_TCDM_2_A07_X9_35_1_i_GTGCCA_S49_R1_001	1.0	2.0	14.0	65.0	487.0	1868.0	4228.0	7049.0	10676.0	15817.0	23529.0	34537.0	49958.0	69215.0	92803.0	119078.0	155181.0	217729.0	327660.0	706293.0	2606559.0
	15.0	16.0	17.0	18.0	19.0	20.0	21.0	22.0	23.0	24.0	25.0	26.0	27.0	28.0	29.0	30.0	31.0	32.0	33.0	34.0	35.0
209176_HY5CNBGXT_TCDM_2_B07_C64_3_3_i_TCGAGG_S50_R1_001	1.0	2.0	10.0	130.0	833.0	3118.0	6198.0	10176.0	16067.0	25478.0	41185.0	62068.0	75585.0	90351.0	117883.0	145077.0	185611.0	254736.0	362723.0	705948.0	2206245.0
	15.0	16.0	17.0	18.0	19.0	20.0	21.0	22.0	23.0	24.0	25.0	26.0	27.0	28.0	29.0	30.0	31.0	32.0	33.0	34.0	35.0
209177_HY5CNBGXT_TCDM_2_C07_C17_3_3_i_CACTAA_S51_R1_001	1.0	4.0	59.0	503.0	3363.0	11843.0	23593.0	29493.0	28281.0	27328.0	32112.0	42725.0	60120.0	81093.0	106566.0	133999.0	173166.0	241596.0	370831.0	807388.0	2686940.0
	17.0	18.0	19.0	20.0	21.0	22.0	23.0	24.0	25.0	26.0	27.0	28.0	29.0	30.0	31.0	32.0	33.0	34.0	35.0
209178_HY5CNBGXT_TCDM_2_D07_X9_35_1_o_GGTATA_S52_R1_001	10.0	71.0	493.0	1893.0	4135.0	6426.0	8590.0	10465.0	12810.0	16831.0	23473.0	31517.0	41937.0	52063.0	65513.0	88379.0	125785.0	243847.0	827365.0
	17.0	18.0	19.0	20.0	21.0	22.0	23.0	24.0	25.0	26.0	27.0	28.0	29.0	30.0	31.0	32.0	33.0	34.0	35.0
209179_HY5CNBGXT_TCDM_2_E07_X2_24_3_i_CGCCTG_S53_R1_001	7.0	88.0	428.0	1429.0	3435.0	6046.0	10207.0	16953.0	27786.0	42761.0	61626.0	85421.0	116187.0	151504.0	196060.0	277370.0	447340.0	1012174.0	2790159.0
	15.0	16.0	17.0	18.0	19.0	20.0	21.0	22.0	23.0	24.0	25.0	26.0	27.0	28.0	29.0	30.0	31.0	32.0	33.0	34.0	35.0
209180_HY5CNBGXT_TCDM_2_F07_X2_24_2_o_AATGAA_S54_R1_001	1.0	6.0	72.0	769.0	4619.0	15892.0	31047.0	37857.0	34467.0	30978.0	35802.0	48511.0	67101.0	90170.0	120588.0	153988.0	202281.0	288330.0	459944.0	1027830.0	2672752.0
	15.0	16.0	17.0	18.0	19.0	20.0	21.0	22.0	23.0	24.0	25.0	26.0	27.0	28.0	29.0	30.0	31.0	32.0	33.0	34.0	35.0
209181_HY5CNBGXT_TCDM_2_G07_X2_24_1_o_ACAACG_S55_R1_001	2.0	8.0	66.0	465.0	2977.0	9771.0	19030.0	24036.0	24228.0	26967.0	36170.0	52695.0	75246.0	104469.0	141199.0	182967.0	241437.0	343367.0	536162.0	1178436.0	3500046.0
	14.0	15.0	16.0	17.0	18.0	19.0	20.0	21.0	22.0	23.0	24.0	25.0	26.0	27.0	28.0	29.0	30.0	31.0	32.0	33.0	34.0	35.0
209182_HY5CNBGXT_TCDM_2_H07_X10_39_2_i_ATATCC_S56_R1_001	1.0	0.0	1.0	25.0	216.0	1389.0	4989.0	10208.0	13842.0	16601.0	20250.0	28500.0	41745.0	59161.0	82295.0	110892.0	144930.0	191876.0	273183.0	442739.0	1028849.0	3128229.0
	16.0	17.0	18.0	19.0	20.0	21.0	22.0	23.0	24.0	25.0	26.0	27.0	28.0	29.0	30.0	31.0	32.0	33.0	34.0	35.0
209183_HY5CNBGXT_TCDM_2_A08_X2_24_3_o_AGTACT_S57_R1_001	6.0	21.0	247.0	1451.0	5246.0	10274.0	14496.0	18406.0	25031.0	38499.0	59061.0	87018.0	121860.0	165927.0	216231.0	288862.0	413916.0	668341.0	1529666.0	4639900.0
	15.0	16.0	17.0	18.0	19.0	20.0	21.0	22.0	23.0	24.0	25.0	26.0	27.0	28.0	29.0	30.0	31.0	32.0	33.0	34.0	35.0
209184_HY5CNBGXT_TCDM_2_B08_X2_24_2_i_ATAAGA_S58_R1_001	1.0	25.0	98.0	767.0	4483.0	15253.0	28893.0	34863.0	31734.0	28837.0	32865.0	43729.0	58707.0	75332.0	100233.0	130225.0	167880.0	238795.0	388122.0	894996.0	2408020.0
	16.0	17.0	18.0	19.0	20.0	21.0	22.0	23.0	24.0	25.0	26.0	27.0	28.0	29.0	30.0	31.0	32.0	33.0	34.0	35.0
209185_HY5CNBGXT_TCDM_2_C08_X10_39_3_o_GGTGAG_S59_R1_001	3.0	13.0	59.0	356.0	1093.0	2589.0	4797.0	8215.0	13544.0	21887.0	33915.0	50060.0	69874.0	94850.0	124106.0	165266.0	233614.0	379135.0	890121.0	2954872.0
	16.0	17.0	18.0	19.0	20.0	21.0	22.0	23.0	24.0	25.0	26.0	27.0	28.0	29.0	30.0	31.0	32.0	33.0	34.0	35.0
209186_HY5CNBGXT_TCDM_2_D08_X10_39_2_o_TTCCGC_S60_R1_001	2.0	10.0	78.0	409.0	1609.0	3484.0	6111.0	9237.0	14917.0	24075.0	37910.0	56220.0	78097.0	106149.0	140259.0	187252.0	265987.0	425724.0	980419.0	3217492.0
	15.0	16.0	17.0	18.0	19.0	20.0	21.0	22.0	23.0	24.0	25.0	26.0	27.0	28.0	29.0	30.0	31.0	32.0	33.0	34.0	35.0
209187_HY5CNBGXT_TCDM_2_E08_X2_24_1_i_GAAGTG_S61_R1_001	1.0	1.0	14.0	83.0	416.0	1717.0	3920.0	6105.0	9495.0	14592.0	23691.0	37834.0	55302.0	77825.0	106783.0	141051.0	189000.0	270112.0	434266.0	996112.0	3224042.0
	16.0	17.0	18.0	19.0	20.0	21.0	22.0	23.0	24.0	25.0	26.0	27.0	28.0	29.0	30.0	31.0	32.0	33.0	34.0	35.0
209188_HY5CNBGXT_TCDM_2_F08_X10_39_3_i_CAATGC_S62_R1_001	2.0	22.0	162.0	921.0	3258.0	6941.0	10215.0	13102.0	18378.0	27451.0	41087.0	59476.0	81213.0	109212.0	142507.0	188374.0	266697.0	427631.0	966175.0	2838448.0
	16.0	17.0	18.0	19.0	20.0	21.0	22.0	23.0	24.0	25.0	26.0	27.0	28.0	29.0	30.0	31.0	32.0	33.0	34.0	35.0
209189_HY5CNBGXT_TCDM_2_G08_X5_36_3_i_ACGTCT_S63_R1_001	4.0	14.0	105.0	656.0	2392.0	4906.0	7752.0	11344.0	17137.0	27358.0	42762.0	63067.0	88377.0	119540.0	156395.0	206937.0	294919.0	473341.0	1057388.0	3268393.0
	16.0	17.0	18.0	19.0	20.0	21.0	22.0	23.0	24.0	25.0	26.0	27.0	28.0	29.0	30.0	31.0	32.0	33.0	34.0	35.0
209190_HY5CNBGXT_TCDM_2_H08_C64_4_2_i_CAGGAC_S64_R1_001	3.0	16.0	113.0	784.0	2715.0	5873.0	8850.0	12716.0	19584.0	32155.0	50728.0	75724.0	107360.0	146449.0	189738.0	252967.0	361902.0	569525.0	1233801.0	3526233.0
	16.0	17.0	18.0	19.0	20.0	21.0	22.0	23.0	24.0	25.0	26.0	27.0	28.0	29.0	30.0	31.0	32.0	33.0	34.0	35.0
209191_HY5CNBGXT_TCDM_2_A09_C64_4_3_i_AAGCTC_S65_R1_001	1.0	34.0	218.0	1432.0	5286.0	10449.0	14595.0	17845.0	23154.0	32270.0	46932.0	67067.0	90076.0	119725.0	153445.0	203532.0	286684.0	459261.0	1048760.0	3128515.0
	16.0	17.0	18.0	19.0	20.0	21.0	22.0	23.0	24.0	25.0	26.0	27.0	28.0	29.0	30.0	31.0	32.0	33.0	34.0	35.0
209192_HY5CNBGXT_TCDM_2_B09_X5_36_2_i_GACGAT_S66_R1_001	2.0	28.0	181.0	1336.0	4697.0	9714.0	14117.0	18487.0	24993.0	36617.0	52677.0	75319.0	103365.0	139660.0	178864.0	232718.0	325083.0	514653.0	1162911.0	3455231.0
	16.0	17.0	18.0	19.0	20.0	21.0	22.0	23.0	24.0	25.0	26.0	27.0	28.0	29.0	30.0	31.0	32.0	33.0	34.0	35.0
209193_HY5CNBGXT_TCDM_2_C09_C64_4_1_i_TCGTTC_S67_R1_001	6.0	29.0	203.0	1128.0	3894.0	8189.0	12996.0	19689.0	28520.0	40246.0	55591.0	74403.0	95761.0	128618.0	167648.0	209293.0	289409.0	471476.0	1036866.0	2043981.0
	15.0	16.0	17.0	18.0	19.0	20.0	21.0	22.0	23.0	24.0	25.0	26.0	27.0	28.0	29.0	30.0	31.0	32.0	33.0	34.0	35.0
209194_HY5CNBGXT_TCDM_2_D09_C14_4_3_o_CCAATT_S68_R1_001	2.0	2.0	58.0	388.0	2549.0	8549.0	17186.0	23602.0	27539.0	34289.0	46039.0	64959.0	90528.0	120889.0	158905.0	200639.0	257488.0	358469.0	564136.0	1262845.0	3567376.0
	16.0	17.0	18.0	19.0	20.0	21.0	22.0	23.0	24.0	25.0	26.0	27.0	28.0	29.0	30.0	31.0	32.0	33.0	34.0	35.0
209195_HY5CNBGXT_TCDM_2_E09_C64_4_2_o_AGTTGA_S69_R1_001	3.0	21.0	213.0	1241.0	4116.0	8496.0	12648.0	17178.0	24612.0	36191.0	54342.0	75421.0	98245.0	129411.0	167304.0	219919.0	311470.0	500015.0	1156176.0	3764071.0
	15.0	16.0	17.0	18.0	19.0	20.0	21.0	22.0	23.0	24.0	25.0	26.0	27.0	28.0	29.0	30.0	31.0	32.0	33.0	34.0	35.0
209196_HY5CNBGXT_TCDM_2_F09_C64_4_1_o_AACCGA_S70_R1_001	1.0	7.0	33.0	385.0	2582.0	8859.0	17205.0	23024.0	24871.0	29238.0	39351.0	56339.0	69610.0	85092.0	110571.0	138374.0	179468.0	251093.0	396461.0	881854.0	2321734.0
	15.0	16.0	17.0	18.0	19.0	20.0	21.0	22.0	23.0	24.0	25.0	26.0	27.0	28.0	29.0	30.0	31.0	32.0	33.0	34.0	35.0
209197_HY5CNBGXT_TCDM_2_G09_X5_36_1_i_CAGATG_S71_R1_001	1.0	4.0	20.0	211.0	1372.0	4890.0	9412.0	12852.0	16507.0	21713.0	30713.0	44990.0	64289.0	88574.0	116176.0	145853.0	187214.0	264223.0	411922.0	887400.0	2369860.0
	15.0	16.0	17.0	18.0	19.0	20.0	21.0	22.0	23.0	24.0	25.0	26.0	27.0	28.0	29.0	30.0	31.0	32.0	33.0	34.0	35.0
209198_HY5CNBGXT_TCDM_2_H09_X5_36_2_o_GTAGAA_S72_R1_001	1.0	4.0	39.0	292.0	1821.0	6713.0	13266.0	18673.0	23126.0	29579.0	42342.0	60507.0	84194.0	112223.0	145374.0	183555.0	238704.0	334107.0	522902.0	1160833.0	3501271.0
	15.0	16.0	17.0	18.0	19.0	20.0	21.0	22.0	23.0	24.0	25.0	26.0	27.0	28.0	29.0	30.0	31.0	32.0	33.0	34.0	35.0
209199_HY5CNBGXT_TCDM_2_A10_A03_4_2_i_GACATC_S73_R1_001	2.0	6.0	19.0	283.0	1881.0	6762.0	13635.0	19832.0	24483.0	29936.0	39260.0	53742.0	74356.0	102101.0	135153.0	170629.0	217897.0	301315.0	459256.0	1012162.0	3284787.0
	16.0	17.0	18.0	19.0	20.0	21.0	22.0	23.0	24.0	25.0	26.0	27.0	28.0	29.0	30.0	31.0	32.0	33.0	34.0	35.0
209200_HY5CNBGXT_TCDM_2_B10_A03_4_3_o_CGATCT_S74_R1_001	2.0	18.0	171.0	1341.0	5233.0	11295.0	17206.0	23468.0	29995.0	40164.0	54580.0	74778.0	102796.0	137744.0	169314.0	213755.0	292577.0	439823.0	911336.0	2342433.0
	15.0	16.0	17.0	18.0	19.0	20.0	21.0	22.0	23.0	24.0	25.0	26.0	27.0	28.0	29.0	30.0	31.0	32.0	33.0	34.0	35.0
209201_HY5CNBGXT_TCDM_2_C10_A27_4_1_i_CGTCGC_S75_R1_001	1.0	0.0	16.0	142.0	1038.0	3473.0	6634.0	10941.0	16269.0	24909.0	37536.0	55738.0	71706.0	89200.0	116792.0	146768.0	189957.0	264591.0	411870.0	894398.0	2356245.0
	16.0	17.0	18.0	19.0	20.0	21.0	22.0	23.0	24.0	25.0	26.0	27.0	28.0	29.0	30.0	31.0	32.0	33.0	34.0	35.0
209202_HY5CNBGXT_TCDM_2_D10_A27_4_1_o_ATGGCG_S76_R1_001	2.0	9.0	85.0	677.0	2473.0	5396.0	8875.0	13032.0	18163.0	24526.0	32137.0	39936.0	45340.0	55371.0	64852.0	77967.0	103769.0	153859.0	300031.0	531590.0
	16.0	17.0	18.0	19.0	20.0	21.0	22.0	23.0	24.0	25.0	26.0	27.0	28.0	29.0	30.0	31.0	32.0	33.0	34.0	35.0
209203_HY5CNBGXT_TCDM_2_E10_A27_4_2_o_ATTGGT_S77_R1_001	2.0	17.0	202.0	1308.0	4884.0	10314.0	16419.0	24346.0	34795.0	49194.0	70601.0	97383.0	122900.0	154661.0	193134.0	248952.0	345766.0	549349.0	1239385.0	3579984.0
	15.0	16.0	17.0	18.0	19.0	20.0	21.0	22.0	23.0	24.0	25.0	26.0	27.0	28.0	29.0	30.0	31.0	32.0	33.0	34.0	35.0
209204_HY5CNBGXT_TCDM_2_F10_X4_24_1_o_GCCACA_S78_R1_001	1.0	7.0	37.0	326.0	2110.0	7495.0	15937.0	22203.0	27265.0	34102.0	44689.0	62029.0	87528.0	117391.0	150135.0	186371.0	238258.0	330600.0	515144.0	1128084.0	3075961.0
	16.0	17.0	18.0	19.0	20.0	21.0	22.0	23.0	24.0	25.0	26.0	27.0	28.0	29.0	30.0	31.0	32.0	33.0	34.0	35.0
209205_HY5CNBGXT_TCDM_2_G10_A27_4_2_i_CATCTA_S79_R1_001	4.0	37.0	367.0	2766.0	10251.0	20123.0	27122.0	31248.0	36281.0	46613.0	64724.0	88039.0	114717.0	146361.0	182031.0	236646.0	331024.0	523255.0	1187862.0	3598770.0
	15.0	16.0	17.0	18.0	19.0	20.0	21.0	22.0	23.0	24.0	25.0	26.0	27.0	28.0	29.0	30.0	31.0	32.0	33.0	34.0	35.0
209206_HY5CNBGXT_TCDM_2_H10_A27_4_3_i_AACAAG_S80_R1_001	2.0	8.0	110.0	1029.0	7062.0	24579.0	47405.0	57534.0	53908.0	50410.0	56230.0	71221.0	94217.0	123454.0	162199.0	201430.0	254909.0	345828.0	528345.0	1161142.0	3294084.0
	16.0	17.0	18.0	19.0	20.0	21.0	22.0	23.0	24.0	25.0	26.0	27.0	28.0	29.0	30.0	31.0	32.0	33.0	34.0	35.0
209207_HY5CNBGXT_TCDM_2_A11_X4_24_2_o_GCAGCC_S81_R1_001	1.0	15.0	78.0	546.0	2104.0	4702.0	7712.0	11807.0	18604.0	28301.0	42445.0	60673.0	82457.0	111130.0	143856.0	189284.0	264930.0	408848.0	918618.0	3385066.0
	15.0	16.0	17.0	18.0	19.0	20.0	21.0	22.0	23.0	24.0	25.0	26.0	27.0	28.0	29.0	30.0	31.0	32.0	33.0	34.0	35.0
209208_HY5CNBGXT_TCDM_2_B11_X4_24_1_i_ACTCTT_S82_R1_001	1.0	4.0	25.0	128.0	795.0	2851.0	5795.0	8213.0	10437.0	14516.0	22028.0	34159.0	50991.0	72756.0	99618.0	131051.0	175038.0	245909.0	380200.0	855478.0	3667831.0
	17.0	18.0	19.0	20.0	21.0	22.0	23.0	24.0	25.0	26.0	27.0	28.0	29.0	30.0	31.0	32.0	33.0	34.0	35.0
209209_HY5CNBGXT_TCDM_2_C11_X5_36_3_o_TGCTAT_S83_R1_001	1.0	18.0	113.0	333.0	648.0	815.0	760.0	815.0	852.0	996.0	1200.0	1429.0	1723.0	2038.0	2246.0	2688.0	3842.0	7685.0	19627.0
	16.0	17.0	18.0	19.0	20.0	21.0	22.0	23.0	24.0	25.0	26.0	27.0	28.0	29.0	30.0	31.0	32.0	33.0	34.0	35.0
209210_HY5CNBGXT_TCDM_2_D11_X4_24_2_i_AAGTGG_S84_R1_001	6.0	11.0	122.0	628.0	2273.0	4798.0	7691.0	11343.0	17770.0	27659.0	42896.0	59114.0	76866.0	102973.0	131046.0	172088.0	242776.0	369947.0	789915.0	2605456.0
	15.0	16.0	17.0	18.0	19.0	20.0	21.0	22.0	23.0	24.0	25.0	26.0	27.0	28.0	29.0	30.0	31.0	32.0	33.0	34.0	35.0
209211_HY5CNBGXT_TCDM_2_E11_X4_24_3_o_CTCATA_S85_R1_001	1.0	5.0	43.0	274.0	1862.0	6121.0	12755.0	17022.0	18729.0	21396.0	29106.0	42093.0	60370.0	84345.0	113760.0	146659.0	194221.0	276283.0	442176.0	1019022.0	3208755.0
	18.0	19.0	20.0	21.0	22.0	23.0	24.0	25.0	26.0	27.0	28.0	29.0	30.0	31.0	32.0	33.0	34.0	35.0
209212_HY5CNBGXT_TCDM_2_F11_BLANK_AATCCG_S86_R1_001	30.0	175.0	559.0	1050.0	1135.0	1002.0	715.0	586.0	506.0	562.0	531.0	593.0	607.0	736.0	858.0	1225.0	2284.0	5120.0
	16.0	17.0	18.0	19.0	20.0	21.0	22.0	23.0	24.0	25.0	26.0	27.0	28.0	29.0	30.0	31.0	32.0	33.0	34.0	35.0
209213_HY5CNBGXT_TCDM_2_G11_A03_4_1_i_GGCCAA_S87_R1_001	2.0	19.0	130.0	820.0	3163.0	6845.0	10329.0	13836.0	18696.0	26981.0	39356.0	57241.0	78721.0	105341.0	135230.0	176703.0	244400.0	374039.0	820453.0	2850846.0
	15.0	16.0	17.0	18.0	19.0	20.0	21.0	22.0	23.0	24.0	25.0	26.0	27.0	28.0	29.0	30.0	31.0	32.0	33.0	34.0	35.0
209214_HY5CNBGXT_TCDM_2_H11_X8_37_2_i_AGACCA_S88_R1_001	1.0	6.0	43.0	434.0	2651.0	8690.0	16927.0	22499.0	23943.0	27164.0	35507.0	49600.0	69181.0	92884.0	122188.0	152350.0	197627.0	278994.0	448348.0	1023469.0	2977201.0
	16.0	17.0	18.0	19.0	20.0	21.0	22.0	23.0	24.0	25.0	26.0	27.0	28.0	29.0	30.0	31.0	32.0	33.0	34.0	35.0
209215_HY5CNBGXT_TCDM_2_A12_X4_24_3_i_CGCGGA_S89_R1_001	6.0	11.0	99.0	491.0	1828.0	4223.0	7187.0	11581.0	20068.0	34878.0	54813.0	77006.0	105485.0	140708.0	184048.0	242667.0	345361.0	537731.0	1202587.0	3966993.0
	16.0	17.0	18.0	19.0	20.0	21.0	22.0	23.0	24.0	25.0	26.0	27.0	28.0	29.0	30.0	31.0	32.0	33.0	34.0	35.0
209216_HY5CNBGXT_TCDM_2_B12_X8_37_3_o_CCTGCT_S90_R1_001	2.0	8.0	96.0	600.0	1987.0	4436.0	7559.0	11876.0	18868.0	29654.0	45658.0	65712.0	90275.0	120337.0	153044.0	201135.0	282008.0	438871.0	969351.0	3088302.0
	15.0	16.0	17.0	18.0	19.0	20.0	21.0	22.0	23.0	24.0	25.0	26.0	27.0	28.0	29.0	30.0	31.0	32.0	33.0	34.0	35.0
209217_HY5CNBGXT_TCDM_2_C12_X8_37_2_o_GCGCTG_S91_R1_001	1.0	2.0	6.0	67.0	447.0	1656.0	3698.0	6253.0	10033.0	15989.0	25360.0	39029.0	56247.0	77974.0	104267.0	135256.0	178893.0	250220.0	391564.0	873613.0	2814798.0
	15.0	16.0	17.0	18.0	19.0	20.0	21.0	22.0	23.0	24.0	25.0	26.0	27.0	28.0	29.0	30.0	31.0	32.0	33.0	34.0	35.0
209218_HY5CNBGXT_TCDM_2_D12_X8_37_1_o_GAACCT_S92_R1_001	1.0	2.0	22.0	124.0	878.0	3121.0	6575.0	9568.0	12396.0	16383.0	24538.0	36637.0	53447.0	74182.0	100127.0	129438.0	172607.0	245522.0	391140.0	892245.0	2988329.0
	16.0	17.0	18.0	19.0	20.0	21.0	22.0	23.0	24.0	25.0	26.0	27.0	28.0	29.0	30.0	31.0	32.0	33.0	34.0	35.0
209219_HY5CNBGXT_TCDM_2_E12_X8_37_3_i_TTCGAG_S93_R1_001	5.0	15.0	135.0	775.0	2857.0	6123.0	9577.0	13268.0	19207.0	29594.0	45264.0	66257.0	92787.0	125912.0	163258.0	216215.0	305469.0	480195.0	1086020.0	3960939.0
	16.0	17.0	18.0	19.0	20.0	21.0	22.0	23.0	24.0	25.0	26.0	27.0	28.0	29.0	30.0	31.0	32.0	33.0	34.0	35.0
209220_HY5CNBGXT_TCDM_2_F12_C14_4_1_i_AGAATC_S94_R1_001	6.0	40.0	414.0	2681.0	9127.0	17571.0	22787.0	23627.0	26309.0	34718.0	49187.0	68283.0	91194.0	122223.0	158249.0	209971.0	295632.0	464224.0	1040533.0	3629291.0
	15.0	16.0	17.0	18.0	19.0	20.0	21.0	22.0	23.0	24.0	25.0	26.0	27.0	28.0	29.0	30.0	31.0	32.0	33.0	34.0	35.0
209221_HY5CNBGXT_TCDM_2_G12_X8_37_1_i_AGGCAT_S95_R1_001	1.0	1.0	10.0	93.0	660.0	2621.0	5483.0	8807.0	12514.0	17978.0	27198.0	41298.0	60580.0	86353.0	115489.0	147928.0	193192.0	264605.0	396376.0	819238.0	2444822.0
	15.0	16.0	17.0	18.0	19.0	20.0	21.0	22.0	23.0	24.0	25.0	26.0	27.0	28.0	29.0	30.0	31.0	32.0	33.0	34.0	35.0
209222_HY5CNBGXT_TCDM_2_H12_C14_4_1_o_ACACGC_S96_R1_001	2.0	2.0	30.0	246.0	1485.0	5305.0	10853.0	15443.0	20033.0	26345.0	38018.0	55326.0	79052.0	105333.0	139129.0	176271.0	229641.0	320597.0	492535.0	1063973.0	3472231.0

