Sample	1.0	2.0	3.0	4.0	5.0	6.0	7.0	8.0	9.0	>10	>50	>100	>500	>1k	>5k	>10k+
209031_HY55YBGXT_TCDM_1_A01_A04_1_2_o_CAGCGT_S1_R1_001										9.351315220111331	2.94225178244331	5.878913093401831	2.827784511246515	3.358645310244341	0.9833539516554428	0.0
209032_HY55YBGXT_TCDM_1_B01_A04_1_1_o_GATCAC_S2_R1_001										7.780233450750094	2.503111475935877	5.6563359737544046	2.03357234222895	2.528504678960588	0.0	0.0
209033_HY55YBGXT_TCDM_1_C01_BLANK_ACCAGT_S3_R1_001										0.7321165285474605	0.0	0.0	0.0	0.0	0.0	0.0
209034_HY55YBGXT_TCDM_1_D01_A04_1_3_i_TGCACG_S4_R1_001										11.207791921842162	3.621664245123118	7.95207271142072	2.835679075141638	2.8417647256537046	0.0	0.0
209035_HY55YBGXT_TCDM_1_E01_A04_1_3_o_ACATTA_S5_R1_001										10.694886475682763	3.703847274616641	8.549166809814254	3.5951988840543265	6.147474027369763	2.4194660504751377	1.9804779174986762
209036_HY55YBGXT_TCDM_1_F01_A27_1_2_i_GTGTAG_S6_R1_001										11.827911419579031	4.127402404577063	7.7889657865617785	3.774614523868998	5.365942903233567	1.7493038711949702	1.2135021603061107
209037_HY55YBGXT_TCDM_1_G01_C17_1_2_o_CTAGTC_S7_R1_001										10.09175670676473	2.9478307616438117	6.369497701335858	2.2714345102353524	2.606860074548983	0.0	0.0
209038_HY55YBGXT_TCDM_1_H01_C17_1_2_i_TGTGCA_S8_R1_001										12.018199937625647	3.828558161087716	7.350501753880015	2.6902583427401323	3.460577814556729	0.8609973641246684	0.47680945197731184
209039_HY55YBGXT_TCDM_1_A02_X1_54_2_o_TCAGGA_S9_R1_001										11.160039459239435	3.893308560540994	8.148026470977397	2.8199329759612235	6.422894778904728	1.483075506840993	2.2077511539307846
209040_HY55YBGXT_TCDM_1_B02_X9_27_1_i_CGGTTA_S10_R1_001										11.844762656216957	3.7875676958392726	7.603532007748743	2.1834969428262996	0.7454111718426987	0.0	0.0
209041_HY55YBGXT_TCDM_1_C02_X9_27_2_i_TTAACT_S11_R1_001										7.509406303444906	2.266308331297337	2.7979477156120205	0.0	0.0	0.0	0.0
209042_HY55YBGXT_TCDM_1_D02_X9_27_3_o_ATGAAC_S12_R1_001										10.056399347781928	2.9551048247223535	7.210455772322543	0.0	0.0	0.0	0.0
209043_HY55YBGXT_TCDM_1_E02_X11_57_2_o_CCTAAG_S13_R1_001										9.597396700128439	2.6651081624138597	6.677996542674681	1.6349398123738628	3.561046097337793	0.0	0.0
209044_HY55YBGXT_TCDM_1_F02_X11_57_3_o_AATCCG_S14_R1_001										9.539017126841035	3.4725310263977036	3.1504763444772337	0.897441080163318	0.0	0.0	0.0
209045_HY55YBGXT_TCDM_1_G02_X9_27_2_o_GGCTGC_S15_R1_001										12.478127324795677	4.321771338836916	7.660216046135682	3.0430180964740807	4.514344243378764	1.1976834963936078	0.1859619476840352
209046_HY55YBGXT_TCDM_1_H02_X11_57_1_o_TACCTT_S16_R1_001										8.207377488876968	1.205389542772396	1.9753242245432456	0.0	0.0	0.0	0.0
209047_HY55YBGXT_TCDM_1_A03_A27_1_1_i_TCTTAA_S17_R1_001										11.413734006006388	4.01798159911408	7.618160833540942	3.352393352625983	5.877534435070887	1.6012933962134799	2.0103103327113807
209048_HY55YBGXT_TCDM_1_B03_X1_54_2_i_GTCAGG_S18_R1_001										8.0571000855432	0.695038494439692	1.537104362703165	0.0	0.0	0.0	0.0
209049_HY55YBGXT_TCDM_1_C03_X11_57_2_i_ATACTG_S19_R1_001										0.26762448059722516	0.0	0.0	0.0	0.0	0.0	0.0
209050_HY55YBGXT_TCDM_1_D03_X9_27_3_i_TATGTC_S20_R1_001										0.6198034769463341	0.0	0.0	0.0	0.0	0.0	0.0
209051_HY55YBGXT_TCDM_1_E03_C17_1_3_i_GAGTCC_S21_R1_001										4.626160612477602	0.0	2.2642124124450236	0.0	0.0	0.0	0.0
209052_HY55YBGXT_TCDM_1_F03_X11_57_3_i_GGAGGT_S22_R1_001										12.27542944759723	4.493261575038683	9.726707505094158	3.4088465721020333	7.5472148195060695	2.023790532600998	2.0272905057466373
209053_HY55YBGXT_TCDM_1_G03_X9_27_1_o_CACACT_S23_R1_001										9.991929267004302	3.3019678509953923	6.621165935625503	1.8934666416907493	4.61362861048279	0.67502107181053	0.0
209054_HY55YBGXT_TCDM_1_H03_A04_1_2_o_CCGCAA_S24_R1_001										9.356497585548244	2.94229572080276	5.807790549346794	1.7626414374817982	4.012775274443469	0.5368159547980024	0.0
209055_HY55YBGXT_TCDM_1_A04_X4_67_2_o_TTTATG_S25_R1_001										14.566391214693905	4.814291189266672	8.123484618019843	2.3685831099045345	4.081996352160981	0.2907014989592241	0.0
209056_HY55YBGXT_TCDM_1_B04_C64_1_2_o_AACGCC_S26_R1_001										14.130083121953907	4.383387262501949	8.529907036014176	2.581271129486452	3.9978758137535264	0.7975765465526733	0.0
209057_HY55YBGXT_TCDM_1_C04_A04_1_1_i_CAAGCA_S27_R1_001										14.124010462964467	4.337186224977618	6.619204184613137	1.7255864282865665	1.771810046443946	0.07460403326483366	0.0
209058_HY55YBGXT_TCDM_1_D04_X4_67_3_i_GCTCGA_S28_R1_001										11.456492399732758	3.4355528024032895	6.6529215900448815	1.6233968285474496	2.4648153787067186	0.0	0.0
209059_HY55YBGXT_TCDM_1_E04_A04_1_2_i_GCGAAT_S29_R1_001										15.228618372410896	4.652408322647346	7.650726146946855	2.131288660738723	2.340277535830232	0.09869876345012746	0.0
209060_HY55YBGXT_TCDM_1_F04_C17_1_1_i_TGGATT_S30_R1_001										15.680567664800392	5.425932007117728	10.056279515376712	3.2773316638706236	4.82748712807886	0.7256233960009728	0.4522965354044714
209061_HY55YBGXT_TCDM_1_G04_X4_67_2_i_ACCTAC_S31_R1_001										14.924327167834917	5.0924794358255125	9.008542913254637	2.4442724554968986	4.098008387616591	0.266196386661728	0.1452311927838247
209062_HY55YBGXT_TCDM_1_H04_X4_67_1_i_CGAAGG_S32_R1_001										15.277817862212363	4.589480788192005	8.214128569483963	2.321160784069706	3.1899741201929057	0.18221538498167392	0.11753273362698341
209063_HY55YBGXT_TCDM_1_A05_C64_1_2_i_AGATAG_S33_R1_001										11.928905354649151	4.419790365411355	9.231361648694882	3.1041641613862017	6.9974853985025325	1.7225845761342038	1.7942306957465501
209064_HY55YBGXT_TCDM_1_B05_C64_1_1_o_TTGGTA_S34_R1_001										12.368605351500571	3.929767399038901	7.328308640416266	2.307432999824581	3.6931650953622213	0.852497533804454	0.3600180497909807
209065_HY55YBGXT_TCDM_1_C05_X5_31_3_i_GTTACC_S35_R1_001										12.44155401765761	4.246294589126331	8.636228754609633	3.341907045794011	5.6939420728288965	1.6740350560593908	1.9226886675760562
209066_HY55YBGXT_TCDM_1_D05_X4_67_3_o_CGCAAC_S36_R1_001										9.727435356759658	3.4120480107675615	6.993914888693954	1.902227159813052	1.488713421138157	0.0	0.0
209067_HY55YBGXT_TCDM_1_E05_X5_31_2_i_TGGCGA_S37_R1_001										12.338376059840366	4.4513658254520205	8.178651142672551	3.484924734602933	5.789234873278452	1.8632525847563375	2.388256337594266
209068_HY55YBGXT_TCDM_1_F05_C17_1_1_o_ACCGTG_S38_R1_001										2.003690156346098	0.0	0.0	0.0	0.0	0.0	0.0
209069_HY55YBGXT_TCDM_1_G05_A20_1_1_o_CAACAG_S39_R1_001										9.076568366133356	2.821173970866984	6.25435072858173	2.231361373029579	2.481099476566254	0.0	0.0
209070_HY55YBGXT_TCDM_1_H05_C17_1_3_o_GATTGT_S40_R1_001										12.420416611188537	4.930303789507475	10.444756820510214	4.080876799681389	7.323310515654405	2.4922528359771787	3.850196388433247
209071_HY55YBGXT_TCDM_1_A06_A20_1_1_i_CTCTCG_S41_R1_001										12.183908238935496	4.39433186363753	8.44093018772705	2.959791473313185	5.462329607771348	1.4281531790916324	1.2583731409499608
209072_HY55YBGXT_TCDM_1_B06_A20_1_2_o_TGACAC_S42_R1_001										7.6280938454159735	2.4977391435523066	4.7319946553233665	1.5340806575138095	1.8009305145559085	0.0	0.0
209073_HY55YBGXT_TCDM_1_C06_X5_31_1_o_AAGACA_S43_R1_001										3.355185352401523	0.9909644319904737	0.3673174827911356	0.0	0.0	0.0	0.0
209074_HY55YBGXT_TCDM_1_D06_X4_67_1_o_ACAGAT_S44_R1_001										10.054608761038004	2.600468020422555	5.480082325523237	0.0	0.0	0.0	0.0
209075_HY55YBGXT_TCDM_1_E06_A27_1_2_o_TAGGCT_S45_R1_001										11.974732700204878	3.686123608568898	7.454880102893696	2.4876149061294135	2.4066413152682107	0.0	0.0
209076_HY55YBGXT_TCDM_1_F06_X5_31_3_o_CTCCAT_S46_R1_001										7.9359138608588005	2.742950092847169	4.707135556867092	0.0	0.9982870057147794	0.0	0.0
209077_HY55YBGXT_TCDM_1_G06_X5_31_2_o_GCATGG_S47_R1_001										9.196907455622162	2.8744898744533147	4.908070335160994	0.0	0.7347172225859662	0.0	0.0
209078_HY55YBGXT_TCDM_1_H06_C64_1_3_i_AATAGC_S48_R1_001										11.732970581460131	3.941117027977424	8.153743885273691	2.8217219477831508	4.946308406333146	1.4929090446816073	1.3357359869505245
209079_HY55YBGXT_TCDM_1_A07_A20_1_2_i_GTGCCA_S49_R1_001										11.670075696440238	3.807372059541799	6.8124966382140855	2.379804874226323	2.9796770935427	0.8488021189876549	0.31500342721835006
209080_HY55YBGXT_TCDM_1_B07_A20_1_3_i_TCGAGG_S50_R1_001										11.96131280935809	4.051892508982006	7.81985003694154	2.342013980411738	4.181935409453555	1.1701554695950744	0.3271500649082676
209081_HY55YBGXT_TCDM_1_C07_A20_1_3_o_CACTAA_S51_R1_001										12.11787727279382	3.7479867560103624	6.469171851165593	2.1611562580364585	2.8583412678867854	0.4714794253956278	0.0
209082_HY55YBGXT_TCDM_1_D07_A27_1_3_o_GGTATA_S52_R1_001										11.352777519438654	3.5747399317117408	6.08855537173804	1.714652547409934	3.0628138626709234	0.8918424921599589	0.13399393544843946
209083_HY55YBGXT_TCDM_1_E07_A27_1_1_o_CGCCTG_S53_R1_001										12.100212334026962	3.916873506732216	7.453265948049519	2.7775035215813793	4.424044332364213	1.0836570756089472	1.2369395218706392
209084_HY55YBGXT_TCDM_1_F07_X5_31_1_i_AATGAA_S54_R1_001										11.911847980910846	4.057921414740697	7.728972512157959	2.9888130610512476	4.2540159603862016	1.487601902383947	0.8739976006829806
209085_HY55YBGXT_TCDM_1_G07_X11_57_1_i_ACAACG_S55_R1_001										11.974867131193205	3.9888479573375157	8.206583521781404	2.3486355793510136	4.400536296332481	1.598484669163958	0.7325165456080416
209086_HY55YBGXT_TCDM_1_H07_X2_45_2_i_ATATCC_S56_R1_001										12.13849343385163	4.078982590564943	7.059580985008103	2.63600488001643	3.349161665356324	0.9547478202673647	0.15824078631886196
209087_HY55YBGXT_TCDM_1_A08_X2_45_2_o_AGTACT_S57_R1_001										11.39409633954718	3.99617313179961	8.100863398231093	2.6916414681830703	4.974909676201524	1.553170280117654	0.9182531654775826
209088_HY55YBGXT_TCDM_1_B08_X2_45_1_i_ATAAGA_S58_R1_001										13.226356716709969	4.366594638838399	8.002899604290095	2.551508701803174	3.948202183221874	1.0548102236269221	0.27576577374765066
209089_HY55YBGXT_TCDM_1_C08_X2_45_3_o_GGTGAG_S59_R1_001										11.804239080206235	3.8317524550438042	7.2715634843514385	2.1421908045249403	3.793221189366674	1.1775184676491908	0.453774143451145
209090_HY55YBGXT_TCDM_1_D08_X2_45_3_i_TTCCGC_S60_R1_001										13.093870811987138	4.283268093423309	7.277767704800368	2.4289368753709093	3.582988311481747	0.7889659407029972	0.0
209091_HY55YBGXT_TCDM_1_E08_X2_45_1_o_GAAGTG_S61_R1_001										2.0467381729623297	0.39380278770920774	1.513031763303798	0.0	0.0	0.0	0.0
209092_HY55YBGXT_TCDM_1_F08_X11_68_1_o_CAATGC_S62_R1_001										3.730226278871834	0.21131100871657912	0.431426642796349	0.0	0.0	0.0	0.0
209093_HY55YBGXT_TCDM_1_G08_X11_68_1_i_ACGTCT_S63_R1_001										12.457448089283785	4.169793598814667	7.857588184835501	2.5237157127710996	4.129731309035241	1.3953289580148769	0.9919339613000271
209094_HY55YBGXT_TCDM_1_H08_X11_68_3_i_CAGGAC_S64_R1_001										12.539593539233412	4.345086068515429	7.88668370467006	2.8886566075055513	4.343353510152794	1.3626517800587414	0.5749734722727509
209095_HY55YBGXT_TCDM_1_A09_X11_68_3_o_AAGCTC_S65_R1_001										11.645416368982882	4.03746622135995	8.034695809758112	3.1158389696097086	5.212871368054983	1.728800995372313	1.1115643588024764
209096_HY55YBGXT_TCDM_1_B09_X11_68_2_o_GACGAT_S66_R1_001										13.353739773950494	4.401178406861774	6.540139114315084	2.3706161123124527	3.277465146251039	0.24139230599519243	0.0
209097_HY55YBGXT_TCDM_1_C09_A20_2_3_o_TCGTTC_S67_R1_001										12.80090410437285	4.951215126311788	11.33464267738945	4.710415497777631	6.505365574353961	1.8568979484930728	0.0
209098_HY55YBGXT_TCDM_1_D09_A03_2_1_o_CCAATT_S68_R1_001										11.850083955185665	3.832413777662172	7.647606747947698	2.546082375945541	4.694006378417194	1.649908150229756	0.14195656255034364
209099_HY55YBGXT_TCDM_1_E09_C17_2_3_o_AGTTGA_S69_R1_001										12.580508010025648	3.963720008752767	7.644368279142104	2.802337781680147	3.6518728226533077	1.2845151376424109	0.3593485770942289
209100_HY55YBGXT_TCDM_1_F09_A03_2_1_i_AACCGA_S70_R1_001										11.485902483558608	3.7764461256254225	6.23258015831368	2.148390710510692	3.1796959082134797	0.7706184070310091	0.0
209101_HY55YBGXT_TCDM_1_G09_C14_2_1_i_CAGATG_S71_R1_001										11.814847884586435	3.792452647075597	6.788428429321125	2.409427027444434	3.006396089964403	1.2217693251684403	0.17262548554662346
209102_HY55YBGXT_TCDM_1_H09_A20_2_2_i_GTAGAA_S72_R1_001										11.78582681652168	4.002096569188448	8.013758440890822	2.7148197135942893	4.019760707974669	1.4798977677845593	0.5616389925688169
209103_HY55YBGXT_TCDM_1_A10_A20_2_1_o_GACATC_S73_R1_001										12.287599370923937	3.878257450382715	6.995843142136987	2.509814364339158	2.909773792932564	1.013682314779138	0.2921105290363461
209104_HY55YBGXT_TCDM_1_B10_C14_2_2_o_CGATCT_S74_R1_001										10.880905589621575	3.4561135732323223	6.993320058616903	2.007201697604218	3.480866421815039	1.5376995310272297	0.0
209105_HY55YBGXT_TCDM_1_C10_A04_2_3_o_CGTCGC_S75_R1_001										8.63002255564486	3.025085937614463	5.00257369353804	0.7522934799458745	3.3998662525877377	0.0	0.0
209106_HY55YBGXT_TCDM_1_D10_A04_2_1_o_ATGGCG_S76_R1_001										6.976173385116412	2.140610465742891	3.6433801270427844	0.8144291058243427	0.40592793505146946	0.0	0.0
209107_HY55YBGXT_TCDM_1_E10_A04_2_1_i_ATTGGT_S77_R1_001										7.724138778508613	2.165806295766344	3.1557431752297105	1.5775812494873729	0.8008686908469467	0.0	0.0
209108_HY55YBGXT_TCDM_1_F10_A04_2_3_i_GCCACA_S78_R1_001										9.218066722520366	3.1537624894955325	6.037262540328928	1.0978590183125538	3.766743468531006	0.23571263706504852	0.0
209109_HY55YBGXT_TCDM_1_G10_A20_2_1_i_CATCTA_S79_R1_001										12.316405005446828	4.223989076045954	7.507834853945799	2.9361838656120813	3.4105745428798406	0.9792418672115006	0.3430437491440542
209110_HY55YBGXT_TCDM_1_H10_A04_2_2_o_AACAAG_S80_R1_001										10.416991816015567	3.677316702098856	7.450718077265068	2.9581520530236576	4.699529177299544	2.314110536352388	0.6348502785257318
209111_HY55YBGXT_TCDM_1_A11_A04_2_2_i_GCAGCC_S81_R1_001										11.922317630498783	3.7698825966267	6.424291823781143	1.9492669422683	3.0792147559291276	0.35184587295784187	0.26884812960085747
209112_HY55YBGXT_TCDM_1_B11_A20_2_2_o_ACTCTT_S82_R1_001										12.124716926270088	3.887327292223054	6.976802130498072	2.256146144426728	2.8862666305249434	1.0496078570564527	0.31142166716377223
209113_HY55YBGXT_TCDM_1_C11_C17_2_1_i_TGCTAT_S83_R1_001										12.90919960254428	4.208903447234884	7.270411702546582	2.7447400049775155	3.4409066034231275	1.050055893922333	0.0
209114_HY55YBGXT_TCDM_1_D11_A03_2_3_i_AAGTGG_S84_R1_001										13.346895455265715	4.255536792577397	6.630305239525729	1.9771218642497375	2.7259912974075173	0.0	0.0
209115_HY55YBGXT_TCDM_1_E11_C14_2_3_i_CTCATA_S85_R1_001										11.77737173291439	3.741259269507159	7.298270431301946	2.2773033856724383	4.495590274323895	1.3735486719090968	0.0
209116_HY55YBGXT_TCDM_1_F11_C14_2_1_i_CCGACC_S86_R1_001										11.210794551861989	3.485024661800224	6.644810665948104	2.029261634448174	2.6436796653777526	1.0669471924861116	0.1897684827995185
209117_HY55YBGXT_TCDM_1_G11_A20_2_3_o_GGCCAA_S87_R1_001										11.311177112762032	3.496725867671461	6.6782744229601425	2.233642606261418	3.410988685544188	1.02276532379112	0.6177026628943445
209118_HY55YBGXT_TCDM_1_H11_C14_2_2_i_AGACCA_S88_R1_001										12.72898269576305	4.020523725637879	7.105838294795489	2.1355237071464126	3.5359554616670077	0.6870454954772083	0.0
209119_HY55YBGXT_TCDM_1_A12_C14_2_3_o_CGCGGA_S89_R1_001										12.240431875901898	3.4925589709332963	5.750533289142923	2.0384435854990093	1.9150988841678436	0.40722558275811654	0.0
209120_HY55YBGXT_TCDM_1_B12_C17_2_2_i_CCTGCT_S90_R1_001										12.391811091458743	4.186338921594066	8.22304468488456	3.065497068065665	4.728050604253376	1.7474318277607914	1.3616800651300944
209121_HY55YBGXT_TCDM_1_C12_A03_2_3_o_GCGCTG_S91_R1_001										12.136430461977938	3.5832026828089845	5.672853612475497	1.4791748383278045	2.0810696153285493	0.1740094379144556	0.0
209122_HY55YBGXT_TCDM_1_D12_C17_2_3_i_GAACCT_S92_R1_001										11.71074296539389	3.743906734141763	7.851517603579665	2.6670032501666605	4.067376275080874	1.429100771500866	0.25382330338900727
209123_HY55YBGXT_TCDM_1_E12_A03_2_2_o_TTCGAG_S93_R1_001										11.960127972728852	3.510381958665347	5.9972126451856225	1.8668670901336646	3.182891181254028	0.7910464582999108	0.0
209124_HY55YBGXT_TCDM_1_F12_C17_2_2_o_AGAATC_S94_R1_001										11.701242538317134	3.569510917252679	6.2175089377841966	1.9469626783732048	2.943262318132731	0.5774169603361208	0.0
209125_HY55YBGXT_TCDM_1_G12_X8_415_3_i_AGGCAT_S95_R1_001										11.863519750578732	3.80133009256408	6.694296576363201	2.356997574528968	3.7930939030486424	0.4957264827700632	0.2788427689384971
209126_HY55YBGXT_TCDM_1_H12_X8_415_3_o_ACACGC_S96_R1_001										10.889112909051748	3.4950340151227257	6.870565272952922	2.174745487274815	3.8342100947345124	1.0580038587909446	0.5855793636225548
209127_HY5CNBGXT_TCDM_2_A01_X4_46_1_o_CAGCGT_S1_R1_001										11.108753513585484	2.9035340507116714	4.614840765259601	1.3337792421290382	0.8958794553292407	0.0	0.0
209128_HY5CNBGXT_TCDM_2_B01_X8_415_2_i_GATCAC_S2_R1_001										12.539207445652098	3.6449355973914535	5.856736200571616	1.8940669936837382	1.8624981549946698	0.0	0.0
209129_HY5CNBGXT_TCDM_2_C01_X8_415_2_o_ACCAGT_S3_R1_001										11.45553883836758	3.431309204093874	6.176524190754193	2.0450118431531035	2.3724161727213886	0.20262022889760298	0.0
209130_HY5CNBGXT_TCDM_2_D01_X4_46_3_o_TGCACG_S4_R1_001										10.491215554824787	3.0653509374947903	5.110049869440251	1.3189614979047992	1.9896204560498847	0.1806150014259192	0.0
209131_HY5CNBGXT_TCDM_2_E01_X4_46_1_i_ACATTA_S5_R1_001										11.417107481595322	3.1299897827166983	4.831642645524793	1.5189106897916844	1.3484671394561742	0.0	0.0
209132_HY5CNBGXT_TCDM_2_F01_C14_3_2_o_GTGTAG_S6_R1_001										12.945918837743944	3.3884114591698156	5.68215730888451	1.4524788984588144	0.8655585022963893	0.0	0.0
209133_HY5CNBGXT_TCDM_2_G01_A03_3_1_o_CTAGTC_S7_R1_001										12.598068625453903	3.672451162071772	5.6662886933170515	1.2546853919045073	0.6895636427365088	0.0	0.0
209134_HY5CNBGXT_TCDM_2_H01_A03_3_3_o_TGTGCA_S8_R1_001										12.32756276983378	3.4327874546929587	6.526802417280379	1.7980873720093187	3.133639038221419	1.2582518792178878	1.4819016662420934
209135_HY5CNBGXT_TCDM_2_A02_X4_32_2_i_TCAGGA_S9_R1_001										14.173590472684907	4.317274600316443	7.203873258251564	2.1518257283202167	2.4531513979152977	0.19103015610609017	0.7603383667715302
209136_HY5CNBGXT_TCDM_2_B02_C14_3_2_i_CGGTTA_S10_R1_001										14.26294412074714	4.13509084797929	6.963548132518514	1.9682371902787301	2.0981755587640007	0.0	0.3637708137332748
209137_HY5CNBGXT_TCDM_2_C02_X4_32_3_i_TTAACT_S11_R1_001										14.098632173080683	4.2955983118586945	7.423794101957518	2.124801517329352	2.4254064679309764	0.2211038013560893	0.4245874539005737
209138_HY5CNBGXT_TCDM_2_D02_X4_32_3_o_ATGAAC_S12_R1_001										13.345058960884677	3.741148996066447	6.040204426338406	1.3324493717341412	1.7420546663105159	0.0	0.3086054403198965
209139_HY5CNBGXT_TCDM_2_E02_A04_3_2_o_CCTAAG_S13_R1_001										10.560797303708814	2.6848964256327523	4.5016369305815225	0.7504032254895436	0.17231347726793098	0.0	0.0
209140_HY5CNBGXT_TCDM_2_F02_X4_32_1_i_CCGACC_S14_R1_001										15.677921381259798	4.590418341425472	8.411409799892853	1.8055021890256189	3.6686337936638655	0.9178010174621448	0.4390074207394669
209141_HY5CNBGXT_TCDM_2_G02_A04_3_2_i_GGCTGC_S15_R1_001										13.78309554785292	3.7769018026484953	6.358394621442713	1.5985032890378215	1.2458485529674475	0.0	0.0
209142_HY5CNBGXT_TCDM_2_H02_A04_3_1_o_TACCTT_S16_R1_001										13.139202166529104	3.6226813450890445	5.658795087193694	1.402855668653476	1.2159166604539253	0.0	0.0
209143_HY5CNBGXT_TCDM_2_A03_C14_3_3_o_TCTTAA_S17_R1_001										12.28942443954896	3.6379140123099805	5.123280806099975	2.0759237278894402	1.534064834796986	0.0	0.0
209144_HY5CNBGXT_TCDM_2_B03_C14_3_1_i_GTCAGG_S18_R1_001										13.857815325099049	4.093726848656254	6.4227400040496025	1.8465917456655674	1.8040425182432582	0.0	0.0
209145_HY5CNBGXT_TCDM_2_C03_A04_3_3_o_ATACTG_S19_R1_001										11.89050644489287	2.836438776677591	4.69728340581034	0.7310938350293651	0.25725442459840253	0.0	0.0
209146_HY5CNBGXT_TCDM_2_D03_A27_3_3_i_TATGTC_S20_R1_001										13.886098507173811	4.02083821306852	6.1242880206700105	1.616535057020685	1.3153981710744655	0.0	0.0
209147_HY5CNBGXT_TCDM_2_E03_C14_3_3_i_GAGTCC_S21_R1_001										4.714470105227848	1.1696844623024698	0.5870299202951922	0.0	0.0	0.0	0.0
209148_HY5CNBGXT_TCDM_2_F03_A03_3_1_i_GGAGGT_S22_R1_001										11.970100029650471	3.7116736377209567	7.066071787476583	1.9524275546375438	2.7423397134302565	0.4900865921284867	0.0
209149_HY5CNBGXT_TCDM_2_G03_A03_3_3_i_CACACT_S23_R1_001										11.274131666198942	3.1019530700031868	5.094685568129545	1.6423127795539239	0.7753960418291712	0.0	0.0
209150_HY5CNBGXT_TCDM_2_H03_X4_32_1_o_CCGCAA_S24_R1_001										13.208980797917357	4.043777951300389	6.2311848098233895	1.7228204713297577	2.5317987047593657	0.14061614178592158	0.0
209151_HY5CNBGXT_TCDM_2_A04_A04_3_3_i_TTTATG_S25_R1_001										13.878425763660026	3.795014332372552	6.166307869670183	1.6548396165015484	1.505698784651471	0.09161534215439966	0.0
209152_HY5CNBGXT_TCDM_2_B04_X4_32_2_o_AACGCC_S26_R1_001										0.7646370495904451	0.0	0.0	0.0	0.0	0.0	0.0
209153_HY5CNBGXT_TCDM_2_C04_A27_3_1_o_CAAGCA_S27_R1_001										13.854403738299915	4.190565909325486	6.340353798016146	1.4950929276512643	1.3934879893486594	0.0	0.0
209154_HY5CNBGXT_TCDM_2_D04_A27_3_3_o_GCTCGA_S28_R1_001										13.629122240644504	3.800542939048855	5.860511889069138	1.2018145533339242	0.8992605221870889	0.0	0.0
209155_HY5CNBGXT_TCDM_2_E04_A27_3_2_o_GCGAAT_S29_R1_001										13.747023574639059	3.7544442541341394	6.067101236210146	1.3028283891771142	0.9229129356106605	0.0	0.0
209156_HY5CNBGXT_TCDM_2_F04_X5_66_3_o_TGGATT_S30_R1_001										14.035827503728578	3.966438986692726	6.375020707715429	1.5572697055974454	1.6920734933521955	0.08055908576012502	0.0
209157_HY5CNBGXT_TCDM_2_G04_C17_3_1_i_ACCTAC_S31_R1_001										13.794533726456661	4.109045184071494	7.55784201778488	2.3988995282926817	2.633949938490528	0.3737497596004731	0.3827105182023868
209158_HY5CNBGXT_TCDM_2_H04_C17_3_1_o_CGAAGG_S32_R1_001										13.863389540463519	3.9300956597983707	6.918787464055372	1.83766825956942	2.1641449310682552	0.0	0.16473354949781924
209159_HY5CNBGXT_TCDM_2_A05_C17_3_2_i_AGATAG_S33_R1_001										12.727909242761207	3.424136953273421	6.052758561321739	1.5110465556109698	1.1817710305520959	0.11924262644397801	0.0
209160_HY5CNBGXT_TCDM_2_B05_C17_3_2_o_TTGGTA_S34_R1_001										12.444151814090672	3.2873802903228873	5.850017937116122	1.7174547593062373	0.7437434164291313	0.12091670560252256	0.0
209161_HY5CNBGXT_TCDM_2_C05_X5_66_2_i_GTTACC_S35_R1_001										12.70247312136849	3.5920292834183036	5.677705392079516	1.360268789030015	0.6734977162669621	0.18292406984130175	0.0
209162_HY5CNBGXT_TCDM_2_D05_X5_66_1_i_CGCAAC_S36_R1_001										12.92530704280887	3.708471192331885	5.636145127068352	1.436921869298869	1.171037950205542	0.09884919098246904	0.0
209163_HY5CNBGXT_TCDM_2_E05_C17_3_3_o_TGGCGA_S37_R1_001										13.02040021477644	3.5022993558136317	5.35107030881987	1.093220521484155	1.074524240399262	0.0	0.0
209164_HY5CNBGXT_TCDM_2_F05_A03_3_2_o_ACCGTG_S38_R1_001										12.91030593532535	3.429956217746022	5.610321133991629	1.0517590325378972	0.9064129348559564	0.10461703064397652	0.0
209165_HY5CNBGXT_TCDM_2_G05_X5_66_3_i_CAACAG_S39_R1_001										12.714762735178276	3.6344197958193463	5.457056908315671	1.1173946546777316	0.9985366020431263	0.0	0.0
209166_HY5CNBGXT_TCDM_2_H05_X5_66_1_o_GATTGT_S40_R1_001										9.866290027744821	2.6552028585851666	4.919182886049298	0.7990885260918565	1.3127279697285794	0.0	0.0
209167_HY5CNBGXT_TCDM_2_A06_X5_66_2_o_CTCTCG_S41_R1_001										11.889559426990733	3.346411506650303	5.255610036988813	1.2821391800367017	0.9129400924865503	0.18460879642124756	0.0
209168_HY5CNBGXT_TCDM_2_B06_A27_3_2_i_TGACAC_S42_R1_001										12.122166877546817	3.5538137782464547	5.770533746670569	1.8480439876794275	0.844317565046194	0.0	0.0
209169_HY5CNBGXT_TCDM_2_C06_C64_3_1_o_AAGACA_S43_R1_001										11.83715734887829	3.1529139445236534	5.287837167342289	1.3570510672882083	0.7589629783440464	0.0	0.0
209170_HY5CNBGXT_TCDM_2_D06_X9_35_2_i_ACAGAT_S44_R1_001										13.501359370390151	4.0748545167243195	7.0764347956738165	2.0286157872434236	2.1159994797803665	0.0	0.0
209171_HY5CNBGXT_TCDM_2_E06_C64_3_1_i_TAGGCT_S45_R1_001										13.622760709636337	4.121983379353298	7.160522061988119	2.320172834897512	1.845452999221289	0.0	0.0
209172_HY5CNBGXT_TCDM_2_F06_C14_3_1_o_CTCCAT_S46_R1_001										12.742935601509572	3.3792812559066023	5.348105425681003	1.5490812172637598	0.6518312763522274	0.0	0.0
209173_HY5CNBGXT_TCDM_2_G06_X9_35_2_o_GCATGG_S47_R1_001										12.691222243304606	3.5620596170734578	5.779584498633935	1.7037995450636132	0.8512688402954762	0.09865143444473781	0.0
209174_HY5CNBGXT_TCDM_2_H06_C64_3_2_o_AATAGC_S48_R1_001										12.334135429089779	3.2860067690516352	5.346783730724819	1.4235417415209135	1.1559528051435044	0.0	0.0
209175_HY5CNBGXT_TCDM_2_A07_X9_35_1_i_GTGCCA_S49_R1_001										13.504563916963738	4.595450050111494	7.392630122360548	2.819006693375171	3.0960856401873325	0.0	0.0
209176_HY5CNBGXT_TCDM_2_B07_C64_3_3_i_TCGAGG_S50_R1_001										13.170346084882977	4.229308448749817	7.033796400097625	2.320450632858132	2.4589474150688724	0.0	0.0
209177_HY5CNBGXT_TCDM_2_C07_C17_3_3_i_CACTAA_S51_R1_001										12.508031181817847	3.4569453973452733	5.965718450573776	1.5055675690787633	0.9244007367967759	0.11392744510658814	0.0
209178_HY5CNBGXT_TCDM_2_D07_X9_35_1_o_GGTATA_S52_R1_001										10.584684963101958	2.932628828371982	4.462856571016387	1.0220336399333632	0.07077652313660118	0.0	0.0
209179_HY5CNBGXT_TCDM_2_E07_X2_24_3_i_CGCCTG_S53_R1_001										12.042244106566281	3.373625712017719	5.957174866366613	2.0092625272166975	1.491339806216139	0.10136196395853242	0.0
209180_HY5CNBGXT_TCDM_2_F07_X2_24_2_o_AATGAA_S54_R1_001										12.60949663613771	4.28807715398406	7.646571083632139	2.820912752240904	4.47287739692305	0.8185703764984126	0.334342180284524
209181_HY5CNBGXT_TCDM_2_G07_X2_24_1_o_ACAACG_S55_R1_001										12.052309389825174	3.4594924641965723	5.316753522400748	1.8453124510493029	1.6096877729430117	0.0	0.0
209182_HY5CNBGXT_TCDM_2_H07_X10_39_2_i_ATATCC_S56_R1_001										11.538215607397163	3.3185704735050408	4.684276089207565	1.368472904031638	1.170010537929664	0.09026423843780629	0.0
209183_HY5CNBGXT_TCDM_2_A08_X2_24_3_o_AGTACT_S57_R1_001										12.630812781425801	3.848703166219413	6.4204062042382795	1.837944299110782	2.9144382009282843	0.3222428311156821	0.0
209184_HY5CNBGXT_TCDM_2_B08_X2_24_2_i_ATAAGA_S58_R1_001										11.072058152042189	3.3202628470480935	5.513743340514751	2.16994331815833	1.3835497985559577	0.1440803103847788	0.0
209185_HY5CNBGXT_TCDM_2_C08_X10_39_3_o_GGTGAG_S59_R1_001										11.663162791475381	3.1378007648634423	4.956162802713387	1.1617300818246117	0.7434912615889239	0.11791200537996187	0.0
209186_HY5CNBGXT_TCDM_2_D08_X10_39_2_o_TTCCGC_S60_R1_001										12.200697571578596	3.500241695562809	5.360323390208397	1.1194262957185699	1.2418649647672828	0.16383840283171247	0.0
209187_HY5CNBGXT_TCDM_2_E08_X2_24_1_i_GAAGTG_S61_R1_001										12.566912714115459	3.5540913938345393	5.696024844144647	1.5954858894740531	1.6971112625724205	0.0	0.0
209188_HY5CNBGXT_TCDM_2_F08_X10_39_3_i_CAATGC_S62_R1_001										12.014414280542066	3.35663876320339	4.478004802421347	1.3581586333163507	0.6472247671507699	0.0	0.0
209189_HY5CNBGXT_TCDM_2_G08_X5_36_3_i_ACGTCT_S63_R1_001										14.333980759506668	4.089594044519588	7.438124766752234	2.2123147372630934	2.144010319451528	0.16997643180222077	0.0
209190_HY5CNBGXT_TCDM_2_H08_C64_4_2_i_CAGGAC_S64_R1_001										14.183763778841243	4.561481710489968	7.63703849673858	2.5717317484919278	3.5887191297310306	0.4809418777758486	0.0
209191_HY5CNBGXT_TCDM_2_A09_C64_4_3_i_AAGCTC_S65_R1_001										12.294129238177634	3.6760875539532125	5.996167658338988	2.1910697005203326	1.6609553132958657	0.11270274087142448	0.0
209192_HY5CNBGXT_TCDM_2_B09_X5_36_2_i_GACGAT_S66_R1_001										11.938922308392797	3.6277596446527145	5.911296847361422	1.8222556429201564	1.4988754628824843	0.28115118620591917	0.0
209193_HY5CNBGXT_TCDM_2_C09_C64_4_1_i_TCGTTC_S67_R1_001										13.322075958481715	4.5497546100270565	9.106942629787392	3.482888959988248	5.1562533589874135	0.9911043469667915	1.2653774802044782
209194_HY5CNBGXT_TCDM_2_D09_C14_4_3_o_CCAATT_S68_R1_001										11.084576015240089	3.16615072361659	5.624706089142851	1.6564734434744512	1.2754602595334208	0.11879352078711905	0.0
209195_HY5CNBGXT_TCDM_2_E09_C64_4_2_o_AGTTGA_S69_R1_001										11.57918905294104	3.3949973462613023	5.542046873240411	1.4443694978811146	1.4485105094492368	0.0	0.1856860261305724
209196_HY5CNBGXT_TCDM_2_F09_C64_4_1_o_AACCGA_S70_R1_001										11.657296425439483	3.388739200275133	6.466648109073249	1.6826750751453659	2.4379222095609023	0.4057632893036312	0.5348609113832246
209197_HY5CNBGXT_TCDM_2_G09_X5_36_1_i_CAGATG_S71_R1_001										12.399787655413276	3.7615388917837755	6.9455404101489275	2.1275050325575826	3.3237765902700924	0.7988111547942834	0.5436816402669554
209198_HY5CNBGXT_TCDM_2_H09_X5_36_2_o_GTAGAA_S72_R1_001										11.574701850459352	3.469503542868322	5.659018930962685	1.5515833320193353	1.776894479318547	0.0	0.28018804920683693
209199_HY5CNBGXT_TCDM_2_A10_A03_4_2_i_GACATC_S73_R1_001										11.623319971732963	3.507611258093878	5.194252179636443	1.4663745118779061	1.4209511773685661	0.0	0.0
209200_HY5CNBGXT_TCDM_2_B10_A03_4_3_o_CGATCT_S74_R1_001										10.909642496174115	3.294628313210831	5.792710546148468	1.9632452006561916	2.364421010039066	1.0195113119033223	0.22956527400804289
209201_HY5CNBGXT_TCDM_2_C10_A27_4_1_i_CGTCGC_S75_R1_001										11.588854374020215	3.4341136422630614	5.985501797792364	1.7955421649911079	1.9546595425406221	0.0	0.23019551699592594
209202_HY5CNBGXT_TCDM_2_D10_A27_4_1_o_ATGGCG_S76_R1_001										8.53002293766473	2.778677485897584	5.257186760580403	2.125942293298008	3.135132263192369	1.5478202207902625	0.0
209203_HY5CNBGXT_TCDM_2_E10_A27_4_2_o_ATTGGT_S77_R1_001										11.102325642093898	3.1400547075798513	5.800020851686457	1.5202254311658854	1.448669394348195	0.122825645467957	0.0
209204_HY5CNBGXT_TCDM_2_F10_X4_24_1_o_GCCACA_S78_R1_001										11.040699968132225	3.2184258014452722	5.677625188610533	1.4932717001915663	1.938845649368849	0.16547601392721817	0.0
209205_HY5CNBGXT_TCDM_2_G10_A27_4_2_i_CATCTA_S79_R1_001										12.092124222002958	3.650758876640338	6.046023700905128	1.8950460698851597	2.059781308225005	0.11865057813846488	0.0
209206_HY5CNBGXT_TCDM_2_H10_A27_4_3_i_AACAAG_S80_R1_001										11.66843097487975	3.578705892005122	6.263568605470669	1.7944202408599466	2.4257789108724235	0.13289490542548632	0.0
209207_HY5CNBGXT_TCDM_2_A11_X4_24_2_o_GCAGCC_S81_R1_001										12.710747899177303	3.371762607605333	5.270213903643898	1.2785391703545346	0.8980530406057683	0.0	0.0
209208_HY5CNBGXT_TCDM_2_B11_X4_24_1_i_ACTCTT_S82_R1_001										14.508242754957084	4.080886975031352	6.437644205581241	2.013551261010253	1.7348162918574037	0.0	0.0
209209_HY5CNBGXT_TCDM_2_C11_X5_36_3_o_TGCTAT_S83_R1_001										3.2469840473352987	1.020301490727383	1.490727382968492	0.0	0.0	0.0	0.0
209210_HY5CNBGXT_TCDM_2_D11_X4_24_2_i_AAGTGG_S84_R1_001										12.838109179401517	3.8163924642127354	6.899794839841186	2.009650906931274	2.661204662189568	0.0	0.22828050324396526
209211_HY5CNBGXT_TCDM_2_E11_X4_24_3_o_CTCATA_S85_R1_001										11.91173317630957	3.175218776381633	5.283365415223706	1.4395536913927567	0.7645931231676084	0.14181940677371693	0.0
209212_HY5CNBGXT_TCDM_2_F11_BLANK_AATCCG_S86_R1_001										0.1860566925686768	0.0	0.0	0.0	0.0	0.0	0.0
209213_HY5CNBGXT_TCDM_2_G11_A03_4_1_i_GGCCAA_S87_R1_001										11.858228897188894	3.344639712847018	4.644199473839178	1.0920850936588777	1.0276141179541143	0.0	0.0
209214_HY5CNBGXT_TCDM_2_H11_X8_37_2_i_AGACCA_S88_R1_001										12.233254705826097	3.7814741889059285	6.564211076686516	2.064677396820227	2.4407193590965237	0.0	0.21491228005002344
209215_HY5CNBGXT_TCDM_2_A12_X4_24_3_i_CGCGGA_S89_R1_001										12.88167443531906	3.728208801812008	6.167668174623775	1.8901794239299108	2.0529914074849396	0.0	0.0
209216_HY5CNBGXT_TCDM_2_B12_X8_37_3_o_CCTGCT_S90_R1_001										12.1575536758004	3.3677100842042327	5.810522817968618	1.4885509533446388	1.6520410168927686	0.0	0.21626055695748606
209217_HY5CNBGXT_TCDM_2_C12_X8_37_2_o_GCGCTG_S91_R1_001										11.278765921277447	3.3638349841891957	5.233298831046989	1.5071107966152808	1.3196787995020818	0.13760497805304156	0.0
209218_HY5CNBGXT_TCDM_2_D12_X8_37_1_o_GAACCT_S92_R1_001										12.129094544963808	3.612706727166165	5.9598440931863035	1.5593817745676313	1.741051821729983	0.15373883896515136	0.0
209219_HY5CNBGXT_TCDM_2_E12_X8_37_3_i_TTCGAG_S93_R1_001										12.657141870044256	3.5496946085613357	5.900583821925739	1.4331301266132486	1.753849213857732	0.0	0.15936191337032957
209220_HY5CNBGXT_TCDM_2_F12_C14_4_1_i_AGAATC_S94_R1_001										12.766675550848463	3.9723566259377847	6.697566127524021	1.6745584013434827	2.2655582111213013	0.1098861638372727	0.0
209221_HY5CNBGXT_TCDM_2_G12_X8_37_1_i_AGGCAT_S95_R1_001										12.318752847119852	3.39945534056696	5.463339820671793	1.4434451500122885	1.443185077615061	0.0	0.0
209222_HY5CNBGXT_TCDM_2_H12_C14_4_1_o_ACACGC_S96_R1_001										12.774688365917555	3.448222420297454	5.857680298063736	1.5525761413310057	1.879763284910173	0.1476112177207176	0.0
