Sample	FastQC_mqc-generalstats-fastqc-percent_duplicates	FastQC_mqc-generalstats-fastqc-percent_gc	FastQC_mqc-generalstats-fastqc-avg_sequence_length	FastQC_mqc-generalstats-fastqc-median_sequence_length	FastQC_mqc-generalstats-fastqc-percent_fails	FastQC_mqc-generalstats-fastqc-total_sequences
209031_HY55YBGXT_TCDM_1_A01_A04_1_2_o_CAGCGT_S1_R1_001	40.0137826008472	48.0	86.0	86	27.27272727272727	1352829.0
209032_HY55YBGXT_TCDM_1_B01_A04_1_1_o_GATCAC_S2_R1_001	33.71980864518669	48.0	86.0	86	27.27272727272727	427065.0
209033_HY55YBGXT_TCDM_1_C01_BLANK_ACCAGT_S3_R1_001	2.867456403477547	35.0	86.0	86	36.36363636363637	19669.0
209034_HY55YBGXT_TCDM_1_D01_A04_1_3_i_TGCACG_S4_R1_001	43.663353635670134	51.0	86.0	86	36.36363636363637	428483.0
209035_HY55YBGXT_TCDM_1_E01_A04_1_3_o_ACATTA_S5_R1_001	52.399568899285384	46.0	86.0	86	27.27272727272727	2266553.0
209036_HY55YBGXT_TCDM_1_F01_A27_1_2_i_GTGTAG_S6_R1_001	51.12127966926338	49.0	86.0	86	27.27272727272727	2225737.0
209037_HY55YBGXT_TCDM_1_G01_C17_1_2_o_CTAGTC_S7_R1_001	38.91156594540806	49.0	86.0	86	27.27272727272727	924830.0
209038_HY55YBGXT_TCDM_1_H01_C17_1_2_i_TGTGCA_S8_R1_001	46.358149874514595	42.0	86.0	86	9.090909090909092	5233813.0
209039_HY55YBGXT_TCDM_1_A02_X1_54_2_o_TCAGGA_S9_R1_001	52.60576870422259	45.0	86.0	86	36.36363636363637	4201626.0
209040_HY55YBGXT_TCDM_1_B02_X9_27_1_i_CGGTTA_S10_R1_001	41.73073177333888	51.0	86.0	86	18.181818181818183	296699.0
209041_HY55YBGXT_TCDM_1_C02_X9_27_2_i_TTAACT_S11_R1_001	27.185927192768148	45.0	86.0	86	27.27272727272727	102325.0
209042_HY55YBGXT_TCDM_1_D02_X9_27_3_o_ATGAAC_S12_R1_001	35.20895649882392	47.0	86.0	86	18.181818181818183	174863.0
209043_HY55YBGXT_TCDM_1_E02_X11_57_2_o_CCTAAG_S13_R1_001	39.083970145378046	46.0	86.0	86	18.181818181818183	752768.0
209044_HY55YBGXT_TCDM_1_F02_X11_57_3_o_AATCCG_S14_R1_001	30.473918960800958	50.0	86.0	86	18.181818181818183	74211.0
209045_HY55YBGXT_TCDM_1_G02_X9_27_2_o_GGCTGC_S15_R1_001	51.340257312899254	42.0	86.0	86	18.181818181818183	6232471.0
209046_HY55YBGXT_TCDM_1_H02_X11_57_1_o_TACCTT_S16_R1_001	23.13906156321984	50.0	86.0	86	45.45454545454545	31691.0
209047_HY55YBGXT_TCDM_1_A03_A27_1_1_i_TCTTAA_S17_R1_001	52.30667367838004	46.0	86.0	86	27.27272727272727	3302068.0
209048_HY55YBGXT_TCDM_1_B03_X1_54_2_i_GTCAGG_S18_R1_001	20.939371257485035	50.0	86.0	86	45.45454545454545	37408.0
209049_HY55YBGXT_TCDM_1_C03_X11_57_2_i_ATACTG_S19_R1_001	2.831185294739072	32.0	86.0	86	36.36363636363637	14199.0
209050_HY55YBGXT_TCDM_1_D03_X9_27_3_i_TATGTC_S20_R1_001	3.9758125472411194	41.0	86.0	86	18.181818181818183	6615.0
209051_HY55YBGXT_TCDM_1_E03_C17_1_3_i_GAGTCC_S21_R1_001	14.768963457674971	47.0	86.0	86	45.45454545454545	18417.0
209052_HY55YBGXT_TCDM_1_F03_X11_57_3_i_GGAGGT_S22_R1_001	57.53328376433441	47.0	86.0	86	27.27272727272727	4738633.0
209053_HY55YBGXT_TCDM_1_G03_X9_27_1_o_CACACT_S23_R1_001	42.982726260928004	45.0	86.0	86	18.181818181818183	2350299.0
209054_HY55YBGXT_TCDM_1_H03_A04_1_2_o_CCGCAA_S24_R1_001	40.258241768827766	44.0	86.0	86	18.181818181818183	2979352.0
209055_HY55YBGXT_TCDM_1_A04_X4_67_2_o_TTTATG_S25_R1_001	55.777441317862994	37.0	86.0	86	27.27272727272727	7749702.0
209056_HY55YBGXT_TCDM_1_B04_C64_1_2_o_AACGCC_S26_R1_001	55.305807118093405	38.0	86.0	86	36.36363636363637	5004450.0
209057_HY55YBGXT_TCDM_1_C04_A04_1_1_i_CAAGCA_S27_R1_001	51.05985794952703	37.0	86.0	86	27.27272727272727	7039039.0
209058_HY55YBGXT_TCDM_1_D04_X4_67_3_i_GCTCGA_S28_R1_001	43.34302781373016	41.0	86.0	86	27.27272727272727	1051702.0
209059_HY55YBGXT_TCDM_1_E04_A04_1_2_i_GCGAAT_S29_R1_001	55.41264183411849	38.0	86.0	86	27.27272727272727	6433120.0
209060_HY55YBGXT_TCDM_1_F04_C17_1_1_i_TGGATT_S30_R1_001	62.44647267769229	37.0	86.0	86	18.181818181818183	8486477.0
209061_HY55YBGXT_TCDM_1_G04_X4_67_2_i_ACCTAC_S31_R1_001	59.092954292075135	38.0	86.0	86	18.181818181818183	7447442.0
209062_HY55YBGXT_TCDM_1_H04_X4_67_1_i_CGAAGG_S32_R1_001	56.05302384312035	38.0	86.0	86	18.181818181818183	9794837.0
209063_HY55YBGXT_TCDM_1_A05_C64_1_2_i_AGATAG_S33_R1_001	56.343282301410895	45.0	86.0	86	36.36363636363637	4217716.0
209064_HY55YBGXT_TCDM_1_B05_C64_1_1_o_TTGGTA_S34_R1_001	50.80069497085648	41.0	86.0	86	18.181818181818183	6784824.0
209065_HY55YBGXT_TCDM_1_C05_X5_31_3_i_GTTACC_S35_R1_001	56.39687107839384	44.0	86.0	86	36.36363636363637	4809318.0
209066_HY55YBGXT_TCDM_1_D05_X4_67_3_o_CGCAAC_S36_R1_001	37.34258573078251	49.0	86.0	86	18.181818181818183	313450.0
209067_HY55YBGXT_TCDM_1_E05_X5_31_2_i_TGGCGA_S37_R1_001	57.72174937235631	44.0	86.0	86	36.36363636363637	6954001.0
209068_HY55YBGXT_TCDM_1_F05_C17_1_1_o_ACCGTG_S38_R1_001	7.383549671446616	44.0	86.0	86	18.181818181818183	30893.0
209069_HY55YBGXT_TCDM_1_G05_A20_1_1_o_CAACAG_S39_R1_001	37.15453718021824	47.0	86.0	86	27.27272727272727	766919.0
209070_HY55YBGXT_TCDM_1_H05_C17_1_3_o_GATTGT_S40_R1_001	61.84089784970273	45.0	86.0	86	27.27272727272727	8407099.0
209071_HY55YBGXT_TCDM_1_A06_A20_1_1_i_CTCTCG_S41_R1_001	52.95161555694759	44.0	86.0	86	18.181818181818183	6888081.0
209072_HY55YBGXT_TCDM_1_B06_A20_1_2_o_TGACAC_S42_R1_001	31.94005336868075	45.0	86.0	86	27.27272727272727	658349.0
209073_HY55YBGXT_TCDM_1_C06_X5_31_1_o_AAGACA_S43_R1_001	11.42830612535029	30.0	86.0	86	36.36363636363637	183613.0
209074_HY55YBGXT_TCDM_1_D06_X4_67_1_o_ACAGAT_S44_R1_001	32.837881019815214	45.0	86.0	86	18.181818181818183	180670.0
209075_HY55YBGXT_TCDM_1_E06_A27_1_2_o_TAGGCT_S45_R1_001	43.72044478187469	51.0	86.0	86	27.27272727272727	606389.0
209076_HY55YBGXT_TCDM_1_F06_X5_31_3_o_CTCCAT_S46_R1_001	28.845240323021784	49.0	86.0	86	18.181818181818183	138938.0
209077_HY55YBGXT_TCDM_1_G06_X5_31_2_o_GCATGG_S47_R1_001	33.10838566910192	50.0	86.0	86	27.27272727272727	185512.0
209078_HY55YBGXT_TCDM_1_H06_C64_1_3_i_AATAGC_S48_R1_001	49.93014742599793	42.0	86.0	86	18.181818181818183	7916514.0
209079_HY55YBGXT_TCDM_1_A07_A20_1_2_i_GTGCCA_S49_R1_001	48.08300563302505	41.0	86.0	86	18.181818181818183	6788142.0
209080_HY55YBGXT_TCDM_1_B07_A20_1_3_i_TCGAGG_S50_R1_001	49.57247414858773	41.0	86.0	86	9.090909090909092	7284196.0
209081_HY55YBGXT_TCDM_1_C07_A20_1_3_o_CACTAA_S51_R1_001	47.60730717855412	39.0	86.0	86	18.181818181818183	6873226.0
209082_HY55YBGXT_TCDM_1_D07_A27_1_3_o_GGTATA_S52_R1_001	46.109266213346835	40.0	86.0	86	9.090909090909092	7549874.0
209083_HY55YBGXT_TCDM_1_E07_A27_1_1_o_CGCCTG_S53_R1_001	52.59206496152861	43.0	86.0	86	18.181818181818183	6603105.0
209084_HY55YBGXT_TCDM_1_F07_X5_31_1_i_AATGAA_S54_R1_001	50.54265309821105	43.0	86.0	86	27.27272727272727	7038413.0
209085_HY55YBGXT_TCDM_1_G07_X11_57_1_i_ACAACG_S55_R1_001	51.38840376847514	41.0	86.0	86	27.27272727272727	6992043.0
209086_HY55YBGXT_TCDM_1_H07_X2_45_2_i_ATATCC_S56_R1_001	49.25432150779972	41.0	86.0	86	18.181818181818183	6379716.0
209087_HY55YBGXT_TCDM_1_A08_X2_45_2_o_AGTACT_S57_R1_001	49.874627471250065	42.0	86.0	86	9.090909090909092	7899365.0
209088_HY55YBGXT_TCDM_1_B08_X2_45_1_i_ATAAGA_S58_R1_001	52.33629182431869	39.0	86.0	86	27.27272727272727	8204244.0
209089_HY55YBGXT_TCDM_1_C08_X2_45_3_o_GGTGAG_S59_R1_001	48.62408021764655	40.0	86.0	86	18.181818181818183	7777102.0
209090_HY55YBGXT_TCDM_1_D08_X2_45_3_i_TTCCGC_S60_R1_001	52.838940060538064	38.0	86.0	86	18.181818181818183	8559921.0
209091_HY55YBGXT_TCDM_1_E08_X2_45_1_o_GAAGTG_S61_R1_001	10.482408414943777	45.0	86.0	86	36.36363636363637	19299.0
209092_HY55YBGXT_TCDM_1_F08_X11_68_1_o_CAATGC_S62_R1_001	12.467349514278169	44.0	86.0	86	36.36363636363637	34073.0
209093_HY55YBGXT_TCDM_1_G08_X11_68_1_i_ACGTCT_S63_R1_001	51.69722335566115	41.0	86.0	86	27.27272727272727	6850919.0
209094_HY55YBGXT_TCDM_1_H08_X11_68_3_i_CAGGAC_S64_R1_001	51.56212146646815	42.0	86.0	86	27.27272727272727	6591222.0
209095_HY55YBGXT_TCDM_1_A09_X11_68_3_o_AAGCTC_S65_R1_001	52.11275636808737	44.0	86.0	86	36.36363636363637	4682145.0
209096_HY55YBGXT_TCDM_1_B09_X11_68_2_o_GACGAT_S66_R1_001	50.46720913565242	39.0	86.0	86	18.181818181818183	7805905.0
209097_HY55YBGXT_TCDM_1_C09_A20_2_3_o_TCGTTC_S67_R1_001	55.0981926730784	50.0	86.0	86	36.36363636363637	718576.0
209098_HY55YBGXT_TCDM_1_D09_A03_2_1_o_CCAATT_S68_R1_001	49.80212068825461	43.0	86.0	86	9.090909090909092	7300218.0
209099_HY55YBGXT_TCDM_1_E09_C17_2_3_o_AGTTGA_S69_R1_001	52.33827582485952	41.0	86.0	86	27.27272727272727	5854865.0
209100_HY55YBGXT_TCDM_1_F09_A03_2_1_i_AACCGA_S70_R1_001	45.94173650436167	40.0	86.0	86	18.181818181818183	7328056.0
209101_HY55YBGXT_TCDM_1_G09_C14_2_1_i_CAGATG_S71_R1_001	47.644762849174846	41.0	86.0	86	18.181818181818183	6436687.0
209102_HY55YBGXT_TCDM_1_H09_A20_2_2_i_GTAGAA_S72_R1_001	50.94801335090572	42.0	86.0	86	27.27272727272727	6085862.0
209103_HY55YBGXT_TCDM_1_A10_A20_2_1_o_GACATC_S73_R1_001	49.39107894178837	40.0	86.0	86	18.181818181818183	8073282.0
209104_HY55YBGXT_TCDM_1_B10_C14_2_2_o_CGATCT_S74_R1_001	47.4486106624742	43.0	86.0	86	18.181818181818183	4661306.0
209105_HY55YBGXT_TCDM_1_C10_A04_2_3_o_CGTCGC_S75_R1_001	37.22562198554118	43.0	86.0	86	18.181818181818183	2199314.0
209106_HY55YBGXT_TCDM_1_D10_A04_2_1_o_ATGGCG_S76_R1_001	27.698179481726967	44.0	86.0	86	27.27272727272727	311718.0
209107_HY55YBGXT_TCDM_1_E10_A04_2_1_i_ATTGGT_S77_R1_001	29.58447923043026	43.0	86.0	86	18.181818181818183	868533.0
209108_HY55YBGXT_TCDM_1_F10_A04_2_3_i_GCCACA_S78_R1_001	38.84334716855831	44.0	86.0	86	18.181818181818183	2139707.0
209109_HY55YBGXT_TCDM_1_G10_A20_2_1_i_CATCTA_S79_R1_001	49.80704227855608	40.0	86.0	86	18.181818181818183	6734117.0
209110_HY55YBGXT_TCDM_1_H10_A04_2_2_o_AACAAG_S80_R1_001	48.506039394467	45.0	86.0	86	27.27272727272727	4297871.0
209111_HY55YBGXT_TCDM_1_A11_A04_2_2_i_GCAGCC_S81_R1_001	48.63665620904387	40.0	86.0	86	9.090909090909092	6621248.0
209112_HY55YBGXT_TCDM_1_B11_A20_2_2_o_ACTCTT_S82_R1_001	50.87575425758513	39.0	86.0	86	27.27272727272727	7478783.0
209113_HY55YBGXT_TCDM_1_C11_C17_2_1_i_TGCTAT_S83_R1_001	51.12183734439451	40.0	86.0	86	27.27272727272727	6191815.0
209114_HY55YBGXT_TCDM_1_D11_A03_2_3_i_AAGTGG_S84_R1_001	47.74353419301845	38.0	86.0	86	9.090909090909092	8632274.0
209115_HY55YBGXT_TCDM_1_E11_C14_2_3_i_CTCATA_S85_R1_001	49.93027529225243	43.0	86.0	86	18.181818181818183	4081433.0
209116_HY55YBGXT_TCDM_1_F11_C14_2_1_i_CCGACC_S86_R1_001	45.17976934497173	43.0	86.0	86	18.181818181818183	5389158.0
209117_HY55YBGXT_TCDM_1_G11_A20_2_3_o_GGCCAA_S87_R1_001	47.30433548729871	42.0	86.0	86	18.181818181818183	6351379.0
209118_HY55YBGXT_TCDM_1_H11_C14_2_2_i_AGACCA_S88_R1_001	49.1678726894205	41.0	86.0	86	9.090909090909092	8031820.0
209119_HY55YBGXT_TCDM_1_A12_C14_2_3_o_CGCGGA_S89_R1_001	43.53694167819604	39.0	86.0	86	9.090909090909092	7878194.0
209120_HY55YBGXT_TCDM_1_B12_C17_2_2_i_CCTGCT_S90_R1_001	53.23345774051391	43.0	86.0	86	27.27272727272727	7022811.0
209121_HY55YBGXT_TCDM_1_C12_A03_2_3_o_GCGCTG_S91_R1_001	43.786366253222006	38.0	86.0	86	9.090909090909092	9594385.0
209122_HY55YBGXT_TCDM_1_D12_C17_2_3_i_GAACCT_S92_R1_001	49.05880095505831	43.0	86.0	86	18.181818181818183	4082884.0
209123_HY55YBGXT_TCDM_1_E12_A03_2_2_o_TTCGAG_S93_R1_001	45.45528839322803	40.0	86.0	86	18.181818181818183	6331489.0
209124_HY55YBGXT_TCDM_1_F12_C17_2_2_o_AGAATC_S94_R1_001	44.36762026322556	40.0	86.0	86	9.090909090909092	7432550.0
209125_HY55YBGXT_TCDM_1_G12_X8_415_3_i_AGGCAT_S95_R1_001	46.61364441637633	40.0	86.0	86	9.090909090909092	7463401.0
209126_HY55YBGXT_TCDM_1_H12_X8_415_3_o_ACACGC_S96_R1_001	44.10856971319408	41.0	86.0	86	18.181818181818183	8627794.0
209127_HY5CNBGXT_TCDM_2_A01_X4_46_1_o_CAGCGT_S1_R1_001	38.68193632764694	38.0	86.0	86	9.090909090909092	4963570.0
209128_HY5CNBGXT_TCDM_2_B01_X8_415_2_i_GATCAC_S2_R1_001	44.43720961499974	36.0	86.0	86	9.090909090909092	6371729.0
209129_HY5CNBGXT_TCDM_2_C01_X8_415_2_o_ACCAGT_S3_R1_001	42.81022274051621	39.0	86.0	86	9.090909090909092	5981313.0
209130_HY5CNBGXT_TCDM_2_D01_X4_46_3_o_TGCACG_S4_R1_001	41.14401795213954	38.0	86.0	86	9.090909090909092	5997747.0
209131_HY5CNBGXT_TCDM_2_E01_X4_46_1_i_ACATTA_S5_R1_001	41.65464434919439	38.0	86.0	86	9.090909090909092	7181150.0
209132_HY5CNBGXT_TCDM_2_F01_C14_3_2_o_GTGTAG_S6_R1_001	44.203045535356146	37.0	86.0	86	9.090909090909092	4683287.0
209133_HY5CNBGXT_TCDM_2_G01_A03_3_1_o_CTAGTC_S7_R1_001	45.25801721218319	37.0	86.0	86	9.090909090909092	4537345.0
209134_HY5CNBGXT_TCDM_2_H01_A03_3_3_o_TGTGCA_S8_R1_001	56.49307219022649	40.0	86.0	86	27.27272727272727	6303948.0
209135_HY5CNBGXT_TCDM_2_A02_X4_32_2_i_TCAGGA_S9_R1_001	58.83643796843986	38.0	86.0	86	18.181818181818183	5786674.0
209136_HY5CNBGXT_TCDM_2_B02_C14_3_2_i_CGGTTA_S10_R1_001	54.55852545262918	37.0	86.0	86	18.181818181818183	5695652.0
209137_HY5CNBGXT_TCDM_2_C02_X4_32_3_i_TTAACT_S11_R1_001	56.42873140571341	37.0	86.0	86	18.181818181818183	5021187.0
209138_HY5CNBGXT_TCDM_2_D02_X4_32_3_o_ATGAAC_S12_R1_001	54.87684921508006	37.0	86.0	86	18.181818181818183	5359533.0
209139_HY5CNBGXT_TCDM_2_E02_A04_3_2_o_CCTAAG_S13_R1_001	36.453545302303205	37.0	86.0	86	18.181818181818183	1673232.0
209140_HY5CNBGXT_TCDM_2_F02_X4_32_1_i_CCGACC_S14_R1_001	66.60811900838434	39.0	86.0	86	18.181818181818183	4753628.0
209141_HY5CNBGXT_TCDM_2_G02_A04_3_2_i_GGCTGC_S15_R1_001	49.917842055029936	36.0	86.0	86	18.181818181818183	4679350.0
209142_HY5CNBGXT_TCDM_2_H02_A04_3_1_o_TACCTT_S16_R1_001	45.811981239409526	37.0	86.0	86	18.181818181818183	5326347.0
209143_HY5CNBGXT_TCDM_2_A03_C14_3_3_o_TCTTAA_S17_R1_001	42.560476119753154	38.0	86.0	86	0.0	5116307.0
209144_HY5CNBGXT_TCDM_2_B03_C14_3_1_i_GTCAGG_S18_R1_001	49.25082269298151	37.0	86.0	86	18.181818181818183	4961230.0
209145_HY5CNBGXT_TCDM_2_C03_A04_3_3_o_ATACTG_S19_R1_001	45.88070837214311	35.0	86.0	86	18.181818181818183	1367637.0
209146_HY5CNBGXT_TCDM_2_D03_A27_3_3_i_TATGTC_S20_R1_001	47.923390862852976	37.0	86.0	86	9.090909090909092	5051843.0
209147_HY5CNBGXT_TCDM_2_E03_C14_3_3_i_GAGTCC_S21_R1_001	40.90978699200035	39.0	86.0	86	18.181818181818183	137131.0
209148_HY5CNBGXT_TCDM_2_F03_A03_3_1_i_GGAGGT_S22_R1_001	45.650613096117674	40.0	86.0	86	18.181818181818183	2398042.0
209149_HY5CNBGXT_TCDM_2_G03_A03_3_3_i_CACACT_S23_R1_001	41.25250442491553	38.0	86.0	86	9.090909090909092	2491270.0
209150_HY5CNBGXT_TCDM_2_H03_X4_32_1_o_CCGCAA_S24_R1_001	49.58455963201671	38.0	86.0	86	18.181818181818183	5265807.0
209151_HY5CNBGXT_TCDM_2_A04_A04_3_3_i_TTTATG_S25_R1_001	51.006961540992094	36.0	86.0	86	27.27272727272727	5547552.0
209152_HY5CNBGXT_TCDM_2_B04_X4_32_2_o_AACGCC_S26_R1_001	5.342371787112128	37.0	86.0	86	18.181818181818183	49566.0
209153_HY5CNBGXT_TCDM_2_C04_A27_3_1_o_CAAGCA_S27_R1_001	49.231111500200534	37.0	86.0	86	9.090909090909092	5307128.0
209154_HY5CNBGXT_TCDM_2_D04_A27_3_3_o_GCTCGA_S28_R1_001	47.24910730756714	37.0	86.0	86	9.090909090909092	5172189.0
209155_HY5CNBGXT_TCDM_2_E04_A27_3_2_o_GCGAAT_S29_R1_001	47.7341359572191	37.0	86.0	86	0.0	6223044.0
209156_HY5CNBGXT_TCDM_2_F04_X5_66_3_o_TGGATT_S30_R1_001	52.20264061300262	36.0	86.0	86	27.27272727272727	6352489.0
209157_HY5CNBGXT_TCDM_2_G04_C17_3_1_i_ACCTAC_S31_R1_001	53.89154893792016	40.0	86.0	86	36.36363636363637	5501003.0
209158_HY5CNBGXT_TCDM_2_H04_C17_3_1_o_CGAAGG_S32_R1_001	51.08801771507224	38.0	86.0	86	27.27272727272727	6982623.0
209159_HY5CNBGXT_TCDM_2_A05_C17_3_2_i_AGATAG_S33_R1_001	44.577545773501015	38.0	86.0	86	9.090909090909092	5252304.0
209160_HY5CNBGXT_TCDM_2_B05_C17_3_2_o_TTGGTA_S34_R1_001	44.59401746034942	38.0	86.0	86	0.0	5437224.0
209161_HY5CNBGXT_TCDM_2_C05_X5_66_2_i_GTTACC_S35_R1_001	47.005248246512664	37.0	86.0	86	9.090909090909092	5033639.0
209162_HY5CNBGXT_TCDM_2_D05_X5_66_1_i_CGCAAC_S36_R1_001	48.91528545207697	38.0	86.0	86	0.0	5336661.0
209163_HY5CNBGXT_TCDM_2_E05_C17_3_3_o_TGGCGA_S37_R1_001	45.02321405787355	37.0	86.0	86	9.090909090909092	4535196.0
209164_HY5CNBGXT_TCDM_2_F05_A03_3_2_o_ACCGTG_S38_R1_001	46.693285760805296	37.0	86.0	86	9.090909090909092	5148245.0
209165_HY5CNBGXT_TCDM_2_G05_X5_66_3_i_CAACAG_S39_R1_001	44.840374267489516	37.0	86.0	86	9.090909090909092	4699041.0
209166_HY5CNBGXT_TCDM_2_H05_X5_66_1_o_GATTGT_S40_R1_001	36.69280820864228	39.0	86.0	86	27.27272727272727	1194262.0
209167_HY5CNBGXT_TCDM_2_A06_X5_66_2_o_CTCTCG_S41_R1_001	43.8322815280452	38.0	86.0	86	9.090909090909092	5444056.0
209168_HY5CNBGXT_TCDM_2_B06_A27_3_2_i_TGACAC_S42_R1_001	45.41712756055637	38.0	86.0	86	9.090909090909092	4546118.0
209169_HY5CNBGXT_TCDM_2_C06_C64_3_1_o_AAGACA_S43_R1_001	42.27163971341375	37.0	86.0	86	9.090909090909092	5028470.0
209170_HY5CNBGXT_TCDM_2_D06_X9_35_2_i_ACAGAT_S44_R1_001	50.064609281164174	37.0	86.0	86	18.181818181818183	5700046.0
209171_HY5CNBGXT_TCDM_2_E06_C64_3_1_i_TAGGCT_S45_R1_001	48.790946310212746	38.0	86.0	86	9.090909090909092	5809087.0
209172_HY5CNBGXT_TCDM_2_F06_C14_3_1_o_CTCCAT_S46_R1_001	44.68444168113237	37.0	86.0	86	0.0	5798837.0
209173_HY5CNBGXT_TCDM_2_G06_X9_35_2_o_GCATGG_S47_R1_001	46.06961562979516	38.0	86.0	86	9.090909090909092	5357734.0
209174_HY5CNBGXT_TCDM_2_H06_C64_3_2_o_AATAGC_S48_R1_001	45.52140810669215	37.0	86.0	86	9.090909090909092	6292298.0
209175_HY5CNBGXT_TCDM_2_A07_X9_35_1_i_GTGCCA_S49_R1_001	49.227606931732446	37.0	86.0	86	18.181818181818183	4442749.0
209176_HY5CNBGXT_TCDM_2_B07_C64_3_3_i_TCGAGG_S50_R1_001	50.269211768140586	39.0	86.0	86	18.181818181818183	4309425.0
209177_HY5CNBGXT_TCDM_2_C07_C17_3_3_i_CACTAA_S51_R1_001	45.33591368386028	38.0	86.0	86	9.090909090909092	4861004.0
209178_HY5CNBGXT_TCDM_2_D07_X9_35_1_o_GGTATA_S52_R1_001	38.07317493804832	37.0	86.0	86	18.181818181818183	1561603.0
209179_HY5CNBGXT_TCDM_2_E07_X2_24_3_i_CGCCTG_S53_R1_001	49.36567157330669	39.0	86.0	86	0.0	5246981.0
209180_HY5CNBGXT_TCDM_2_F07_X2_24_2_o_AATGAA_S54_R1_001	54.33987037316281	41.0	86.0	86	27.27272727272727	5323005.0
209181_HY5CNBGXT_TCDM_2_G07_X2_24_1_o_ACAACG_S55_R1_001	43.1934128728283	38.0	86.0	86	9.090909090909092	6499744.0
209182_HY5CNBGXT_TCDM_2_H07_X10_39_2_i_ATATCC_S56_R1_001	44.75596073084339	39.0	86.0	86	0.0	5599921.0
209183_HY5CNBGXT_TCDM_2_A08_X2_24_3_o_AGTACT_S57_R1_001	47.54773124425835	39.0	86.0	86	9.090909090909092	8304459.0
209184_HY5CNBGXT_TCDM_2_B08_X2_24_2_i_ATAAGA_S58_R1_001	44.97438355950758	39.0	86.0	86	0.0	4683858.0
209185_HY5CNBGXT_TCDM_2_C08_X10_39_3_o_GGTGAG_S59_R1_001	42.90839748303114	38.0	86.0	86	0.0	5048369.0
209186_HY5CNBGXT_TCDM_2_D08_X10_39_2_o_TTCCGC_S60_R1_001	46.412051138473174	38.0	86.0	86	0.0	5555441.0
209187_HY5CNBGXT_TCDM_2_E08_X2_24_1_i_GAAGTG_S61_R1_001	46.93021662033806	38.0	86.0	86	9.090909090909092	5592362.0
209188_HY5CNBGXT_TCDM_2_F08_X10_39_3_i_CAATGC_S62_R1_001	46.70725145731759	38.0	86.0	86	0.0	5201272.0
209189_HY5CNBGXT_TCDM_2_G08_X5_36_3_i_ACGTCT_S63_R1_001	57.6339987420524	39.0	86.0	86	18.181818181818183	5842787.0
209190_HY5CNBGXT_TCDM_2_H08_C64_4_2_i_CAGGAC_S64_R1_001	56.32860496578899	39.0	86.0	86	18.181818181818183	6597236.0
209191_HY5CNBGXT_TCDM_2_A09_C64_4_3_i_AAGCTC_S65_R1_001	46.28703986416441	40.0	86.0	86	9.090909090909092	5709281.0
209192_HY5CNBGXT_TCDM_2_B09_X5_36_2_i_GACGAT_S66_R1_001	46.188964065839954	39.0	86.0	86	18.181818181818183	6350653.0
209193_HY5CNBGXT_TCDM_2_C09_C64_4_1_i_TCGTTC_S67_R1_001	61.34408554360027	44.0	86.0	86	27.27272727272727	4687946.0
209194_HY5CNBGXT_TCDM_2_D09_C14_4_3_o_CCAATT_S68_R1_001	42.67376785526987	39.0	86.0	86	9.090909090909092	6806437.0
209195_HY5CNBGXT_TCDM_2_E09_C64_4_2_o_AGTTGA_S69_R1_001	44.543465797187295	39.0	86.0	86	9.090909090909092	6581093.0
209196_HY5CNBGXT_TCDM_2_F09_C64_4_1_o_AACCGA_S70_R1_001	48.17880237005146	41.0	86.0	86	9.090909090909092	4636152.0
209197_HY5CNBGXT_TCDM_2_G09_X5_36_1_i_CAGATG_S71_R1_001	52.221776608836315	41.0	86.0	86	27.27272727272727	4678196.0
209198_HY5CNBGXT_TCDM_2_H09_X5_36_2_o_GTAGAA_S72_R1_001	45.250977426681736	39.0	86.0	86	9.090909090909092	6479526.0
209199_HY5CNBGXT_TCDM_2_A10_A03_4_2_i_GACATC_S73_R1_001	41.19756230155858	38.0	86.0	86	9.090909090909092	5947497.0
209200_HY5CNBGXT_TCDM_2_B10_A03_4_3_o_CGATCT_S74_R1_001	44.95932105674289	41.0	86.0	86	18.181818181818183	4868029.0
209201_HY5CNBGXT_TCDM_2_C10_A27_4_1_i_CGTCGC_S75_R1_001	41.914821247878585	41.0	86.0	86	9.090909090909092	4698224.0
209202_HY5CNBGXT_TCDM_2_D10_A27_4_1_o_ATGGCG_S76_R1_001	37.98789886439599	44.0	86.0	86	18.181818181818183	1478090.0
209203_HY5CNBGXT_TCDM_2_E10_A27_4_2_o_ATTGGT_S77_R1_001	40.21658362369249	40.0	86.0	86	9.090909090909092	6743596.0
209204_HY5CNBGXT_TCDM_2_F10_X4_24_1_o_GCCACA_S78_R1_001	40.87667255736979	40.0	86.0	86	9.090909090909092	6045673.0
209205_HY5CNBGXT_TCDM_2_G10_A27_4_2_i_CATCTA_S79_R1_001	43.28723067077044	39.0	86.0	86	9.090909090909092	6648241.0
209206_HY5CNBGXT_TCDM_2_H10_A27_4_3_i_AACAAG_S80_R1_001	42.719448697900006	40.0	86.0	86	9.090909090909092	6535106.0
209207_HY5CNBGXT_TCDM_2_A11_X4_24_2_o_GCAGCC_S81_R1_001	43.984808411542495	37.0	86.0	86	9.090909090909092	5681177.0
209208_HY5CNBGXT_TCDM_2_B11_X4_24_1_i_ACTCTT_S82_R1_001	54.16497385741621	35.0	86.0	86	18.181818181818183	5777824.0
209209_HY5CNBGXT_TCDM_2_C11_X5_36_3_o_TGCTAT_S83_R1_001	16.701164565431014	40.0	86.0	86	27.27272727272727	47829.0
209210_HY5CNBGXT_TCDM_2_D11_X4_24_2_i_AAGTGG_S84_R1_001	49.88503177033509	39.0	86.0	86	9.090909090909092	4665378.0
209211_HY5CNBGXT_TCDM_2_E11_X4_24_3_o_CTCATA_S85_R1_001	43.151923771401435	38.0	86.0	86	0.0	5694998.0
209212_HY5CNBGXT_TCDM_2_F11_BLANK_AATCCG_S86_R1_001	3.266936631279421	35.0	86.0	86	27.27272727272727	18274.0
209213_HY5CNBGXT_TCDM_2_G11_A03_4_1_i_GGCCAA_S87_R1_001	41.37358182521024	37.0	86.0	86	18.181818181818183	4963151.0
209214_HY5CNBGXT_TCDM_2_H11_X8_37_2_i_AGACCA_S88_R1_001	49.26127569511911	39.0	86.0	86	9.090909090909092	5549707.0
209215_HY5CNBGXT_TCDM_2_A12_X4_24_3_i_CGCGGA_S89_R1_001	48.62210195521134	38.0	86.0	86	18.181818181818183	6937771.0
209216_HY5CNBGXT_TCDM_2_B12_X8_37_3_o_CCTGCT_S90_R1_001	45.31745226956275	39.0	86.0	86	9.090909090909092	5529779.0
209217_HY5CNBGXT_TCDM_2_C12_X8_37_2_o_GCGCTG_S91_R1_001	43.639046830736774	39.0	86.0	86	9.090909090909092	4985373.0
209218_HY5CNBGXT_TCDM_2_D12_X8_37_1_o_GAACCT_S92_R1_001	46.016394006002734	38.0	86.0	86	9.090909090909092	5157282.0
209219_HY5CNBGXT_TCDM_2_E12_X8_37_3_i_TTCGAG_S93_R1_001	46.78210126983353	38.0	86.0	86	0.0	6623872.0
209220_HY5CNBGXT_TCDM_2_F12_C14_4_1_i_AGAATC_S94_R1_001	47.77221697583689	38.0	86.0	86	9.090909090909092	6266067.0
209221_HY5CNBGXT_TCDM_2_G12_X8_37_1_i_AGGCAT_S95_R1_001	43.138084478074035	38.0	86.0	86	9.090909090909092	4645247.0
209222_HY5CNBGXT_TCDM_2_H12_C14_4_1_o_ACACGC_S96_R1_001	45.595176299618764	38.0	86.0	86	9.090909090909092	6251850.0
