Sample	total_reads	avg_input_read_length	uniquely_mapped	uniquely_mapped_percent	avg_mapped_read_length	num_splices	num_annotated_splices	num_GTAG_splices	num_GCAG_splices	num_ATAC_splices	num_noncanonical_splices	mismatch_rate	deletion_rate	deletion_length	insertion_rate	insertion_length	multimapped	multimapped_percent	multimapped_toomany	multimapped_toomany_percent	unmapped_mismatches_percent	unmapped_tooshort_percent	unmapped_other_percent	unmapped_mismatches	unmapped_tooshort	unmapped_other
3_A01_109_X11_68_rt2_i_10479813_22MM3HLT4_L3	9149.0	227.0	3398.0	37.14	218.15	302.0	282.0	298.0	4.0	0.0	0.0	1.59	0.08	1.83	0.04	1.91	89.0	0.97	0.0	0.0	0.2	61.66	0.03	18	5641	3
3_A02_113_C17_rt2_o_10479813_22MM3HLT4_L3	511204.0	195.0	198520.0	38.83	190.32	9888.0	8798.0	9647.0	121.0	91.0	29.0	1.58	0.05	2.0	0.03	2.0	4056.0	0.79	146.0	0.03	0.21	60.11	0.02	1074	307306	102
3_A03_115_X1_54_rt1_i_10479813_22MM3HLT4_L3	24529453.0	231.0	13239475.0	53.97	228.54	1170065.0	1057440.0	1152316.0	15246.0	1001.0	1502.0	1.45	0.1	2.04	0.05	1.77	250189.0	1.02	7456.0	0.03	0.11	44.84	0.03	26980	10997995	7358
3_A04_303_X11_68_rt2_i_10479813_22MM3HLT4_L3	5702.0	205.0	1554.0	27.25	195.16	69.0	61.0	68.0	0.0	1.0	0.0	1.66	0.07	1.48	0.05	2.13	26.0	0.46	2.0	0.04	0.46	71.78	0.02	26	4093	1
3_A05_113_C17_rt2_i_10479813_22MM3HLT4_L3	21562720.0	232.0	12456701.0	57.77	226.22	1052030.0	931147.0	1035050.0	14190.0	1462.0	1328.0	1.5	0.07	2.09	0.04	2.08	278847.0	1.29	6267.0	0.03	0.1	40.8	0.01	21562	8797187	2156
3_A06_206_C17_rt3_o_10479813_22MM3HLT4_L3	4805945.0	196.0	1899833.0	39.53	196.2	124118.0	113056.0	121239.0	1487.0	1202.0	190.0	1.58	0.06	2.23	0.04	2.13	38836.0	0.81	2000.0	0.04	0.24	59.33	0.04	11536	2851817	1923
3_A07_304_X5_31_rt2_i_10479813_22MM3HLT4_L3	24724355.0	223.0	13554384.0	54.82	220.02	1577678.0	1470550.0	1552954.0	20562.0	2378.0	1784.0	1.57	0.06	1.84	0.04	2.06	344778.0	1.39	17395.0	0.07	0.15	43.49	0.07	37089	10753400	17308
3_A08_113_C17_rt3_i_10479813_22MM3HLT4_L3	24095753.0	232.0	14575256.0	60.49	228.18	1240081.0	1046592.0	1221863.0	15242.0	1556.0	1420.0	1.52	0.08	2.25	0.04	2.2	434494.0	1.8	16296.0	0.07	0.1	37.43	0.12	24090	9016710	28907
3_A09_106_X4_46_rt2_i_10479813_22MM3HLT4_L3	22357162.0	220.0	12680779.0	56.72	219.89	1096870.0	1009590.0	1079488.0	14091.0	2140.0	1151.0	1.54	0.09	1.76	0.04	2.06	253995.0	1.14	5684.0	0.03	0.16	41.92	0.04	35771	9371990	8943
3_A10_112_X4_67_rt3_o_10479813_22MM3HLT4_L3	18942617.0	180.0	7147709.0	37.73	174.74	215932.0	188439.0	204999.0	8882.0	1584.0	467.0	1.65	0.05	1.83	0.03	1.76	121723.0	0.64	4757.0	0.03	0.24	61.34	0.02	45461	11619178	3788
3_A11_207_A04_rt2_i_10479813_22MM3HLT4_L3	8283830.0	192.0	2558268.0	30.88	185.7	278316.0	265564.0	273267.0	3365.0	1446.0	238.0	1.6	0.08	1.73	0.03	2.0	53645.0	0.65	3703.0	0.04	0.42	67.94	0.06	34795	5628449	4971
3_A12_218_X8_415_rt3_o_10479813_22MM3HLT4_L3	519069.0	196.0	108815.0	20.96	185.46	9934.0	9055.0	9708.0	176.0	47.0	3.0	1.65	0.07	2.52	0.03	1.97	2647.0	0.51	92.0	0.02	0.48	78.01	0.02	2491	404920	104
3_B01_109_X11_68_rt3_i_10479813_22MM3HLT4_L3	18322.0	231.0	8945.0	48.82	224.91	804.0	703.0	796.0	6.0	0.0	2.0	1.56	0.08	1.81	0.03	1.94	194.0	1.06	3.0	0.02	0.16	49.93	0.01	29	9149	2
3_B02_313_X1_54_rt1_i_10479813_22MM3HLT4_L3	14497000.0	224.0	7514096.0	51.83	220.4	716845.0	656817.0	706966.0	8982.0	325.0	572.0	1.52	0.07	2.15	0.04	1.83	148606.0	1.03	6677.0	0.05	0.14	46.91	0.05	20294	6800079	7248
3_B03_115_X1_54_rt1_o_10479813_22MM3HLT4_L3	24813779.0	250.0	18231570.0	73.47	239.18	598318.0	464878.0	588999.0	6770.0	486.0	2063.0	1.42	0.09	2.08	0.05	1.79	316518.0	1.28	1946.0	0.01	0.03	25.21	0.0	7445	6256300	0
3_B04_411_C17_rt1_o_10479813_22MM3HLT4_L3	20653077.0	237.0	13070969.0	63.29	230.81	304505.0	250800.0	297076.0	3852.0	1691.0	1886.0	1.5	0.08	2.1	0.04	2.52	223318.0	1.08	2790.0	0.01	0.06	35.55	0.0	12394	7343606	0
3_B05_206_C17_rt1_i_10479813_22MM3HLT4_L3	22573379.0	214.0	11684262.0	51.76	213.04	913483.0	837059.0	897446.0	12453.0	1415.0	2169.0	1.56	0.07	2.2	0.04	2.06	283365.0	1.26	11279.0	0.05	0.16	46.74	0.04	36112	10549333	9028
3_B06_313_X1_54_rt2_o_10479813_22MM3HLT4_L3	20418832.0	217.0	10202051.0	49.96	213.55	908590.0	823011.0	894289.0	12802.0	391.0	1108.0	1.52	0.08	2.15	0.03	1.85	191492.0	0.94	7536.0	0.04	0.14	48.88	0.03	28593	9983033	6127
3_B07_219_X2_24_rt1_o_10479813_22MM3HLT4_L3	22007134.0	207.0	10341499.0	46.99	208.21	1053544.0	972400.0	1038381.0	11469.0	2033.0	1661.0	1.57	0.06	2.61	0.04	2.03	226725.0	1.03	10377.0	0.05	0.19	51.7	0.04	41814	11377916	8803
3_B08_206_C17_rt3_i_10479813_22MM3HLT4_L3	22622033.0	232.0	14140051.0	62.51	231.74	1414063.0	1233011.0	1391110.0	19003.0	1446.0	2504.0	1.47	0.07	2.25	0.05	2.4	346061.0	1.53	10179.0	0.04	0.1	35.7	0.12	22622	8075974	27146
3_B09_106_X4_46_rt3_i_10479813_22MM3HLT4_L3	6338244.0	203.0	2086722.0	32.92	191.77	219109.0	207268.0	215591.0	2571.0	787.0	160.0	1.66	0.07	1.76	0.03	2.06	44300.0	0.7	1888.0	0.03	0.28	66.03	0.03	17749	4185683	1902
3_B10_118_C14_rt2_i_10479813_22MM3HLT4_L3	28318502.0	223.0	14844184.0	52.42	219.22	1616078.0	1453789.0	1593516.0	20220.0	1456.0	886.0	1.52	0.05	1.79	0.03	2.01	341476.0	1.21	11021.0	0.04	0.14	46.15	0.04	39652	13070840	11329
3_B11_207_A04_rt3_i_10479813_22MM3HLT4_L3	2091600.0	207.0	700064.0	33.47	198.45	66571.0	63115.0	65409.0	822.0	288.0	52.0	1.58	0.09	1.63	0.03	1.96	13494.0	0.65	658.0	0.03	0.27	65.55	0.03	5648	1371109	628
3_B12_220_X10_39_rt1_i_10479813_22MM3HLT4_L3	15710698.0	215.0	8308125.0	52.88	218.84	1021938.0	913141.0	970705.0	48049.0	2228.0	956.0	1.5	0.08	1.53	0.04	2.04	173558.0	1.1	4501.0	0.03	0.15	45.8	0.03	23568	7196232	4714
3_C01_320_X2_24_rt1_i_10479813_22MM3HLT4_L3	1718.0	252.0	311.0	18.1	222.59	29.0	24.0	28.0	1.0	0.0	0.0	1.48	0.05	1.74	0.03	1.73	6.0	0.35	0.0	0.0	0.0	81.55	0.0	0	1401	0
3_C02_313_X1_54_rt2_i_10479813_22MM3HLT4_L3	11792057.0	214.0	4830633.0	40.97	208.38	382678.0	348320.0	376653.0	5181.0	301.0	543.0	1.54	0.09	2.09	0.03	1.74	89392.0	0.76	3451.0	0.03	0.19	58.02	0.04	22404	6841460	4717
3_C03_115_X1_54_rt2_i_10479813_22MM3HLT4_L3	22926650.0	221.0	10410548.0	45.41	215.36	827808.0	768111.0	813843.0	11640.0	1121.0	1204.0	1.51	0.11	1.77	0.04	1.81	181736.0	0.79	8186.0	0.04	0.15	53.58	0.03	34392	12284909	6878
3_C04_411_C17_rt2_i_10479813_22MM3HLT4_L3	23958712.0	230.0	14043483.0	58.62	227.52	1141439.0	1013116.0	1121954.0	15059.0	1648.0	2778.0	1.54	0.08	2.19	0.05	2.37	378290.0	1.58	14574.0	0.06	0.11	39.51	0.12	26358	9467253	28754
3_C05_113_C17_rt1_i_10479813_22MM3HLT4_L3	1058030.0	201.0	359815.0	34.01	195.53	19450.0	17599.0	18895.0	311.0	229.0	15.0	1.56	0.07	2.04	0.04	2.14	7253.0	0.69	314.0	0.03	0.3	64.95	0.03	3174	687157	317
3_C06_113_C17_rt1_o_10479813_22MM3HLT4_L3	11747305.0	210.0	5685013.0	48.39	209.67	365384.0	328295.0	358442.0	4635.0	1923.0	384.0	1.52	0.07	2.11	0.04	2.25	113047.0	0.96	4186.0	0.04	0.16	50.42	0.03	18795	5922740	3524
3_C07_109_X11_68_rt3_o_10479813_22MM3HLT4_L3	7067130.0	189.0	2922745.0	41.36	188.17	199859.0	181534.0	194878.0	2489.0	1609.0	883.0	1.69	0.07	2.29	0.04	2.01	62123.0	0.88	2935.0	0.04	0.29	57.39	0.04	20496	4056004	2827
3_C08_206_C17_rt2_o_10479813_22MM3HLT4_L3	27210055.0	233.0	17070610.0	62.74	229.87	1569686.0	1336869.0	1545921.0	19378.0	1862.0	2525.0	1.48	0.07	2.29	0.05	2.3	413582.0	1.52	9243.0	0.03	0.09	35.59	0.03	24489	9683968	8163
3_C09_106_X4_46_rt3_o_10479813_22MM3HLT4_L3	14353451.0	205.0	6087451.0	42.41	200.32	566430.0	533278.0	558222.0	6150.0	1540.0	518.0	1.64	0.07	1.95	0.03	2.06	124770.0	0.87	4990.0	0.03	0.23	56.41	0.04	33016	8097482	5742
3_C10_118_C14_rt3_i_10479813_22MM3HLT4_L3	14558640.0	202.0	5836803.0	40.09	198.66	511574.0	471822.0	503703.0	6261.0	1344.0	266.0	1.59	0.05	1.74	0.03	2.04	129425.0	0.89	5690.0	0.04	0.24	58.7	0.04	34941	8545958	5823
3_C11_210_X11_68_rt2_i_10479813_22MM3HLT4_L3	26537916.0	233.0	15479679.0	58.33	227.17	1468169.0	1341881.0	1444026.0	21762.0	991.0	1390.0	1.56	0.09	1.74	0.05	2.05	346778.0	1.31	9942.0	0.04	0.12	40.16	0.04	31850	10659051	10617
3_C12_220_X10_39_rt2_i_10479813_22MM3HLT4_L3	19096947.0	203.0	7886824.0	41.3	202.58	675243.0	596608.0	634136.0	38029.0	2486.0	592.0	1.54	0.08	1.54	0.04	1.88	169643.0	0.89	8372.0	0.04	0.21	57.52	0.04	40103	10984366	7639
3_D01_320_X2_24_rt2_i_10479813_22MM3HLT4_L3	13524.0	225.0	6742.0	49.85	222.52	352.0	306.0	344.0	6.0	1.0	1.0	1.58	0.07	2.26	0.05	1.8	131.0	0.97	1.0	0.01	0.04	49.11	0.01	5	6643	1
3_D02_313_X1_54_rt3_o_10479813_22MM3HLT4_L3	1298393.0	200.0	436224.0	33.6	192.31	26709.0	24464.0	26336.0	293.0	26.0	54.0	1.58	0.08	2.23	0.03	1.78	7749.0	0.6	378.0	0.03	0.24	65.52	0.02	3116	850666	260
3_D03_115_X1_54_rt2_o_10479813_22MM3HLT4_L3	29012494.0	222.0	14766082.0	50.9	218.36	1133368.0	1046084.0	1115257.0	15134.0	1118.0	1859.0	1.51	0.09	1.94	0.04	1.84	268286.0	0.92	9815.0	0.03	0.13	47.98	0.04	37713	13918994	11604
3_D04_302_C17_rt1_i_10479813_22MM3HLT4_L3	22542596.0	221.0	11486234.0	50.95	218.75	904896.0	824534.0	889264.0	11493.0	2465.0	1674.0	1.53	0.07	2.0	0.04	2.22	235543.0	1.04	10785.0	0.05	0.15	47.76	0.05	33810	10764955	11270
3_D05_219_X2_24_rt2_o_10479813_22MM3HLT4_L3	28547002.0	230.0	17034006.0	59.67	222.9	236205.0	172327.0	231760.0	2153.0	939.0	1353.0	1.48	0.08	2.28	0.05	1.79	331516.0	1.16	3414.0	0.01	0.07	39.09	0.0	19981	11158085	0
3_D06_320_X2_24_rt1_o_10479813_22MM3HLT4_L3	42382.0	198.0	16810.0	39.66	195.86	718.0	619.0	693.0	10.0	10.0	5.0	1.61	0.07	2.44	0.05	2.01	342.0	0.81	14.0	0.03	0.28	59.2	0.02	119	25089	8
3_D07_303_X11_68_rt3_o_10479813_22MM3HLT4_L3	12851833.0	194.0	5790221.0	45.05	190.91	364472.0	328904.0	356738.0	4262.0	2262.0	1210.0	1.76	0.07	2.11	0.03	1.94	114306.0	0.89	5458.0	0.04	0.28	53.7	0.03	35988	6902004	3856
3_D08_105_X5_66_rt1_i_10479813_22MM3HLT4_L3	23654783.0	218.0	10341139.0	43.72	210.98	772299.0	713012.0	758692.0	9742.0	2746.0	1119.0	1.58	0.07	1.78	0.03	1.96	214463.0	0.91	12248.0	0.05	0.18	55.11	0.04	42575	13034897	9461
3_D09_107_X4_32_rt2_i_10479813_22MM3HLT4_L3	25064686.0	209.0	12295905.0	49.06	204.46	574693.0	526034.0	563286.0	5871.0	3978.0	1558.0	1.57	0.09	2.23	0.03	1.82	210562.0	0.84	8220.0	0.03	0.16	49.89	0.02	40104	12504882	5013
3_D10_118_C14_rt3_o_10479813_22MM3HLT4_L3	34740184.0	227.0	20202744.0	58.15	223.74	1577619.0	1326207.0	1556407.0	17955.0	1359.0	1898.0	1.51	0.06	2.15	0.04	2.01	435910.0	1.25	9951.0	0.03	0.11	40.43	0.02	38217	14046414	6949
3_D11_210_X11_68_rt2_o_10479813_22MM3HLT4_L3	15043027.0	184.0	2785534.0	18.52	166.72	367812.0	347835.0	359920.0	5770.0	1835.0	287.0	1.72	0.04	1.76	0.02	1.82	88361.0	0.59	12551.0	0.08	0.4	80.35	0.06	60174	12087381	9026
3_D12_302_C17_rt1_o_10479813_22MM3HLT4_L3	11237644.0	185.0	3182386.0	28.32	177.42	316095.0	296113.0	309713.0	4203.0	1845.0	334.0	1.66	0.04	1.97	0.03	1.97	77251.0	0.69	7631.0	0.07	0.32	70.56	0.05	35958	7928799	5618
3_E01_320_X2_24_rt3_o_10479813_22MM3HLT4_L3	66619.0	217.0	23594.0	35.42	216.58	1977.0	1751.0	1948.0	19.0	7.0	3.0	1.58	0.09	2.3	0.05	1.91	506.0	0.76	9.0	0.01	0.35	63.45	0.01	233	42270	7
3_E02_412_X11_68_rt1_o_10479813_22MM3HLT4_L3	383750.0	192.0	137745.0	35.89	186.35	6937.0	6335.0	6811.0	77.0	37.0	12.0	1.66	0.07	1.81	0.04	1.97	2491.0	0.65	96.0	0.03	0.35	63.06	0.03	1343	241960	115
3_E03_115_X1_54_rt3_i_10479813_22MM3HLT4_L3	23775129.0	223.0	11744959.0	49.4	218.64	997857.0	909180.0	982140.0	13555.0	958.0	1204.0	1.52	0.1	1.7	0.04	1.74	212904.0	0.9	8090.0	0.03	0.15	49.48	0.04	35663	11764003	9510
3_E04_418_X5_36_rt2_i_10479813_22MM3HLT4_L3	41898604.0	222.0	22242454.0	53.09	219.79	2747511.0	2566688.0	2703507.0	37864.0	3392.0	2748.0	1.59	0.07	2.08	0.04	2.01	703181.0	1.68	47942.0	0.11	0.15	44.8	0.17	62849	18770949	71229
3_E05_417_X1_54_rt1_o_10479813_22MM3HLT4_L3	26036555.0	230.0	13453331.0	51.67	223.06	1410337.0	1252837.0	1389746.0	18338.0	484.0	1769.0	1.51	0.07	2.27	0.04	1.8	298107.0	1.14	9223.0	0.04	0.11	47.01	0.03	28639	12239444	7811
3_E06_109_X11_68_rt2_o_10479813_22MM3HLT4_L3	12894148.0	204.0	5478183.0	42.49	196.37	426862.0	392195.0	418696.0	4955.0	1737.0	1474.0	1.67	0.07	2.02	0.03	2.0	119282.0	0.93	5417.0	0.04	0.24	56.28	0.03	30944	7256454	3868
3_E07_417_X1_54_rt3_o_10479813_22MM3HLT4_L3	18359543.0	192.0	7403635.0	40.33	190.95	566757.0	520269.0	558756.0	6429.0	239.0	1333.0	1.58	0.07	2.36	0.03	1.86	152315.0	0.83	9430.0	0.05	0.23	58.51	0.05	42229	10742753	9180
3_E08_105_X5_66_rt1_o_10479813_22MM3HLT4_L3	22403317.0	199.0	9950625.0	44.42	196.7	565261.0	517807.0	554368.0	6378.0	3277.0	1238.0	1.65	0.06	1.94	0.03	1.93	190778.0	0.85	10116.0	0.05	0.23	54.43	0.02	51535	12195782	4481
3_E09_107_X4_32_rt3_i_10479813_22MM3HLT4_L3	26643693.0	225.0	15070857.0	56.56	220.83	1018226.0	911968.0	1003822.0	10093.0	2137.0	2174.0	1.5	0.08	2.36	0.04	1.89	305556.0	1.15	9949.0	0.04	0.11	42.11	0.03	29309	11220029	7993
3_E10_205_X1_54_rt1_i_10479813_22MM3HLT4_L3	40842838.0	212.0	7741859.0	18.96	213.4	878287.0	806020.0	865883.0	10848.0	677.0	879.0	1.52	0.08	2.14	0.04	1.81	224413.0	0.55	16691.0	0.04	0.08	80.28	0.1	32672	32786363	40840
3_E11_210_X11_68_rt3_i_10479813_22MM3HLT4_L3	35523874.0	219.0	16579113.0	46.67	218.16	1466124.0	1333463.0	1439448.0	23005.0	1955.0	1716.0	1.54	0.08	1.73	0.04	2.02	365703.0	1.03	17154.0	0.05	0.15	52.02	0.08	53288	18480196	28420
3_E12_302_C17_rt2_i_10479813_22MM3HLT4_L3	17676780.0	210.0	8571304.0	48.49	208.27	528803.0	476898.0	516337.0	8060.0	2983.0	1423.0	1.55	0.08	1.82	0.03	2.23	157459.0	0.89	6865.0	0.04	0.19	50.35	0.04	33587	8900494	7071
3_F01_417_X1_54_rt1_i_10479813_22MM3HLT4_L3	17883112.0	239.0	11804252.0	66.01	233.83	354588.0	277451.0	348364.0	4834.0	326.0	1064.0	1.47	0.09	2.15	0.04	1.67	196785.0	1.1	1603.0	0.01	0.06	32.82	0.0	10731	5869741	0
3_F02_412_X11_68_rt2_o_10479813_22MM3HLT4_L3	291952.0	190.0	117953.0	40.4	189.77	4405.0	3809.0	4285.0	54.0	46.0	20.0	1.61	0.07	1.95	0.04	2.02	2152.0	0.74	93.0	0.03	0.3	58.51	0.02	876	170820	58
3_F03_219_X2_24_rt1_i_10479813_22MM3HLT4_L3	2712782.0	198.0	866065.0	31.93	187.88	60440.0	55705.0	59108.0	852.0	389.0	91.0	1.63	0.07	2.17	0.04	1.88	16637.0	0.61	1022.0	0.04	0.29	67.07	0.06	7867	1819563	1628
3_F04_412_X11_68_rt1_i_10479813_22MM3HLT4_L3	18373230.0	222.0	6592571.0	35.88	212.85	778003.0	727277.0	764821.0	10565.0	1764.0	853.0	1.55	0.08	2.01	0.04	2.04	134189.0	0.73	5538.0	0.03	0.17	63.15	0.03	31238	11604181	5513
3_F05_206_C17_rt2_i_10479813_22MM3HLT4_L3	12206324.0	201.0	5018976.0	41.12	197.15	264958.0	241365.0	258302.0	3548.0	2504.0	604.0	1.57	0.06	1.93	0.03	2.12	92437.0	0.76	3517.0	0.03	0.22	57.86	0.02	26852	7062101	2441
3_F06_219_X2_24_rt3_o_10479813_22MM3HLT4_L3	17306475.0	211.0	8399715.0	48.54	211.39	771806.0	711064.0	759082.0	9891.0	2074.0	759.0	1.54	0.08	2.15	0.04	1.92	167943.0	0.97	7239.0	0.04	0.15	50.24	0.06	25961	8695232	10384
3_F07_101_X2_24_rt1_o_10479813_22MM3HLT4_L3	23211108.0	231.0	14082572.0	60.67	230.94	1560103.0	1280143.0	1540207.0	17279.0	1238.0	1379.0	1.52	0.07	2.64	0.05	2.08	467188.0	2.01	13217.0	0.06	0.1	37.01	0.15	23210	8590105	34815
3_F08_105_X5_66_rt2_i_10479813_22MM3HLT4_L3	34326887.0	228.0	20371739.0	59.35	222.24	1322209.0	1168077.0	1300362.0	16717.0	2494.0	2636.0	1.56	0.07	1.94	0.04	2.03	431548.0	1.26	11531.0	0.03	0.12	39.23	0.01	41195	13467441	3433
3_F09_112_X4_67_rt1_i_10479813_22MM3HLT4_L3	21134575.0	205.0	9961963.0	47.14	205.93	867394.0	805432.0	854603.0	9534.0	2685.0	572.0	1.52	0.05	1.72	0.03	1.95	183836.0	0.87	8099.0	0.04	0.2	51.71	0.05	42266	10927845	10566
3_F10_205_X1_54_rt1_o_10479813_22MM3HLT4_L3	18955930.0	201.0	6740133.0	35.56	203.47	624367.0	567646.0	614850.0	7397.0	1084.0	1036.0	1.55	0.08	2.16	0.04	1.97	148314.0	0.78	6968.0	0.04	0.16	63.42	0.04	30331	12022601	7583
3_F11_210_X11_68_rt3_o_10479813_22MM3HLT4_L3	24934161.0	187.0	6637721.0	26.62	173.77	730877.0	690668.0	716245.0	10095.0	3910.0	627.0	1.6	0.05	2.01	0.03	1.86	155556.0	0.62	19978.0	0.08	0.31	72.26	0.11	77291	18016190	27426
3_F12_302_C17_rt2_o_10479813_22MM3HLT4_L3	22314773.0	185.0	7687872.0	34.45	183.54	615613.0	577063.0	604168.0	7503.0	3029.0	913.0	1.57	0.06	2.02	0.03	1.96	154923.0	0.69	14780.0	0.07	0.26	64.42	0.1	58025	14376855	22317
3_G01_417_X1_54_rt3_i_10479813_22MM3HLT4_L3	8166922.0	229.0	3896171.0	47.71	221.96	342394.0	307412.0	337550.0	3904.0	360.0	580.0	1.58	0.08	1.85	0.04	2.1	84613.0	1.04	2568.0	0.03	0.13	51.08	0.02	10616	4171321	1633
3_G02_412_X11_68_rt3_i_10479813_22MM3HLT4_L3	18339566.0	212.0	8398364.0	45.79	204.38	447694.0	413372.0	439203.0	6148.0	1578.0	765.0	1.61	0.08	1.72	0.04	2.0	146950.0	0.8	4273.0	0.02	0.19	53.17	0.02	34846	9751465	3668
3_G03_219_X2_24_rt3_i_10479813_22MM3HLT4_L3	23003767.0	225.0	11564570.0	50.27	218.89	964387.0	880285.0	947630.0	13342.0	2566.0	849.0	1.55	0.09	1.95	0.05	1.88	206632.0	0.9	6911.0	0.03	0.11	48.65	0.03	25309	11193443	6902
3_G04_219_X2_24_rt2_i_10479813_22MM3HLT4_L3	4962306.0	208.0	2001065.0	40.33	199.91	115866.0	104568.0	113494.0	1329.0	846.0	197.0	1.59	0.07	1.9	0.04	1.86	33681.0	0.68	1268.0	0.03	0.17	58.78	0.01	8437	2917358	496
3_G05_313_X1_54_rt1_o_10479813_22MM3HLT4_L3	1620678.0	197.0	671681.0	41.44	193.41	35752.0	32324.0	35254.0	414.0	33.0	51.0	1.56	0.08	2.33	0.03	1.83	11883.0	0.73	533.0	0.03	0.2	57.56	0.03	3241	932853	486
3_G06_411_C17_rt3_o_10479813_22MM3HLT4_L3	793800.0	212.0	340175.0	42.85	211.69	28891.0	26765.0	28376.0	350.0	139.0	26.0	1.5	0.07	2.22	0.04	2.4	7029.0	0.89	347.0	0.04	0.16	55.99	0.06	1270	444502	476
3_G07_113_C17_rt3_o_10479813_22MM3HLT4_L3	25593672.0	234.0	15821804.0	61.82	231.17	1467930.0	1224580.0	1446137.0	18741.0	1585.0	1467.0	1.5	0.07	2.28	0.04	2.23	461418.0	1.8	15475.0	0.06	0.09	36.09	0.14	23033	9236114	35829
3_G08_105_X5_66_rt3_i_10479813_22MM3HLT4_L3	26997122.0	212.0	13694204.0	50.72	207.85	438197.0	396691.0	428026.0	4053.0	3697.0	2421.0	1.56	0.06	1.73	0.03	1.95	243203.0	0.9	5318.0	0.02	0.17	48.18	0.01	45890	13005807	2699
3_G09_112_X4_67_rt2_i_10479813_22MM3HLT4_L3	16439632.0	220.0	9132911.0	55.55	218.03	712096.0	641399.0	702182.0	7652.0	1680.0	582.0	1.57	0.06	1.73	0.03	1.98	171907.0	1.05	4904.0	0.03	0.14	43.21	0.02	23016	7103606	3288
3_G10_205_X1_54_rt2_o_10479813_22MM3HLT4_L3	3295908.0	196.0	1081779.0	32.82	190.49	86011.0	79632.0	84771.0	976.0	156.0	108.0	1.55	0.08	2.07	0.03	1.9	22437.0	0.68	979.0	0.03	0.29	66.15	0.03	9558	2180166	989
3_G11_218_X8_415_rt1_i_10479813_22MM3HLT4_L3	25539073.0	216.0	12466818.0	48.81	213.84	1083949.0	980918.0	1066340.0	13044.0	3319.0	1246.0	1.5	0.09	2.26	0.03	2.09	245222.0	0.96	11582.0	0.05	0.14	49.98	0.05	35762	12766917	12772
3_G12_302_C17_rt3_i_10479813_22MM3HLT4_L3	25450047.0	210.0	12421514.0	48.81	211.93	1049709.0	939962.0	1033655.0	12521.0	2165.0	1368.0	1.53	0.07	1.82	0.04	2.03	312493.0	1.23	19278.0	0.08	0.17	49.61	0.11	43264	12625503	27994
3_H01_101_X2_24_rt3_o_10479813_22MM3HLT4_L3	6667035.0	224.0	3046950.0	45.7	218.29	284113.0	262825.0	280002.0	3351.0	288.0	472.0	1.54	0.09	1.77	0.04	2.07	64984.0	0.97	2117.0	0.03	0.16	53.1	0.03	10668	3540316	2000
3_H02_412_X11_68_rt3_o_10479813_22MM3HLT4_L3	16619.0	195.0	6987.0	42.04	194.09	168.0	143.0	164.0	2.0	2.0	0.0	1.58	0.07	1.88	0.05	2.18	133.0	0.8	2.0	0.01	0.26	56.88	0.0	43	9454	0
3_H03_303_X11_68_rt1_i_10479813_22MM3HLT4_L3	709803.0	182.0	278313.0	39.21	178.07	9552.0	8562.0	9288.0	84.0	138.0	42.0	1.7	0.07	1.89	0.03	1.92	4986.0	0.7	195.0	0.03	0.33	59.71	0.02	2342	423825	142
3_H04_BLANK_10479813_22MM3HLT4_L3	8904.0	215.0	3741.0	42.01	210.35	271.0	234.0	263.0	7.0	1.0	0.0	1.58	0.1	2.53	0.07	1.95	129.0	1.45	21.0	0.24	0.16	56.06	0.08	14	4992	7
3_H05_109_X11_68_rt1_o_10479813_22MM3HLT4_L3	690783.0	190.0	253530.0	36.7	183.47	12127.0	10961.0	11799.0	131.0	127.0	70.0	1.72	0.07	2.11	0.03	1.9	5520.0	0.8	207.0	0.03	0.29	62.16	0.01	2004	429453	69
3_H06_109_X11_68_rt1_i_10479813_22MM3HLT4_L3	26748434.0	233.0	15978500.0	59.74	227.81	1576729.0	1408497.0	1553270.0	19934.0	1422.0	2103.0	1.59	0.07	1.94	0.04	2.01	414225.0	1.55	15148.0	0.06	0.12	38.43	0.11	32097	10279042	29422
3_H07_403_A20_rt1_i_10479813_22MM3HLT4_L3	28330547.0	225.0	16522233.0	58.32	226.03	1394963.0	1158360.0	1267164.0	125634.0	1125.0	1040.0	1.53	0.07	2.29	0.05	1.78	408215.0	1.44	18067.0	0.06	0.13	39.9	0.15	36826	11302715	42491
3_H08_105_X5_66_rt3_o_10479813_22MM3HLT4_L3	21233798.0	206.0	9881142.0	46.53	199.13	556217.0	510786.0	545478.0	6030.0	3262.0	1447.0	1.64	0.06	1.86	0.03	1.95	193195.0	0.91	8633.0	0.04	0.2	52.29	0.02	42471	11104110	4247
3_H09_112_X4_67_rt3_i_10479813_22MM3HLT4_L3	30557476.0	232.0	18985336.0	62.13	227.38	1805693.0	1598953.0	1782265.0	19952.0	2013.0	1463.0	1.53	0.06	1.88	0.03	1.95	395412.0	1.29	8219.0	0.03	0.1	36.42	0.02	30565	11131831	6113
3_H10_205_X1_54_rt3_o_10479813_22MM3HLT4_L3	824458.0	183.0	279373.0	33.89	184.61	17723.0	16146.0	17406.0	181.0	104.0	32.0	1.58	0.08	2.11	0.04	1.96	5402.0	0.66	321.0	0.04	0.31	65.07	0.04	2556	536476	330
3_H11_218_X8_415_rt2_i_10479813_22MM3HLT4_L3	16687898.0	187.0	5553729.0	33.28	181.47	752817.0	717827.0	740933.0	9916.0	1555.0	413.0	1.67	0.04	1.83	0.02	1.82	120524.0	0.72	9584.0	0.06	0.27	65.64	0.03	45058	10953997	5006
3_H12_304_X5_31_rt1_i_10479813_22MM3HLT4_L3	22335806.0	225.0	12953590.0	57.99	220.84	1064676.0	932235.0	1050028.0	12134.0	1468.0	1046.0	1.54	0.08	2.06	0.04	2.03	348548.0	1.56	12024.0	0.05	0.13	40.16	0.1	29037	8970270	22336
4_A01_304_X5_31_rt1_o_10479813_22MM3HLT4_L3	4785075.0	205.0	2354464.0	49.2	216.3	266996.0	239076.0	263513.0	2956.0	267.0	260.0	1.53	0.07	2.37	0.04	2.05	82153.0	1.72	5171.0	0.11	0.16	48.61	0.2	7656	2326060	9570
4_A02_319_X8_37_rt2_i_10479813_22MM3HLT4_L3	10442957.0	223.0	5797756.0	55.52	223.75	552559.0	478552.0	521950.0	29569.0	486.0	554.0	1.6	0.07	2.31	0.07	2.11	196759.0	1.88	6202.0	0.06	0.13	42.32	0.08	13578	4420306	8356
4_A03_407_X2_24_rt3_o_10479813_22MM3HLT4_L3	13092842.0	222.0	7647620.0	58.41	223.52	691962.0	572595.0	683003.0	7079.0	594.0	1286.0	1.54	0.07	2.49	0.05	1.96	194986.0	1.49	3614.0	0.03	0.12	39.94	0.02	15708	5228295	2618
4_A04_317_X4_42_rt1_o_10479813_22MM3HLT4_L3	12556351.0	233.0	8325225.0	66.3	231.5	517424.0	438082.0	509263.0	6890.0	474.0	797.0	1.49	0.08	1.74	0.04	1.99	169940.0	1.35	2654.0	0.02	0.08	32.23	0.01	10046	4047230	1256
4_A05_220_X10_39_rt1_o_10479813_22MM3HLT4_L3	9578109.0	241.0	6679361.0	69.74	236.33	862376.0	741000.0	843892.0	17156.0	641.0	687.0	1.57	0.07	2.1	0.06	2.03	195824.0	2.04	3579.0	0.04	0.06	28.08	0.04	5747	2689766	3832
4_A06_407_X2_24_rt1_o_10479813_22MM3HLT4_L3	15971546.0	232.0	10317026.0	64.6	231.1	1293575.0	1088898.0	1276612.0	13367.0	1020.0	2576.0	1.53	0.07	2.54	0.05	2.06	307513.0	1.93	5790.0	0.04	0.08	33.33	0.03	12778	5323647	4792
4_A07_418_X5_36_rt1_o_10479813_22MM3HLT4_L3	13649010.0	231.0	8625671.0	63.2	230.37	938759.0	831439.0	926277.0	10769.0	787.0	926.0	1.49	0.09	2.43	0.05	2.1	274512.0	2.01	6343.0	0.05	0.08	34.6	0.06	10921	4723372	8191
4_A08_218_X8_415_rt3_i_10479813_22MM3HLT4_L3	15483340.0	238.0	10323127.0	66.67	232.97	1099484.0	888844.0	1085652.0	12143.0	911.0	778.0	1.51	0.08	2.58	0.04	2.15	236491.0	1.53	5387.0	0.03	0.07	31.68	0.02	10837	4904402	3096
4_A09_313_X1_54_rt3_i_10479813_22MM3HLT4_L3	26564255.0	226.0	15334862.0	57.73	228.23	1483346.0	1303887.0	1463946.0	17287.0	883.0	1230.0	1.46	0.07	2.34	0.04	1.89	304131.0	1.14	9159.0	0.03	0.14	40.91	0.04	37193	10868284	10627
4_A10_101_X2_24_rt3_i_10479813_22MM3HLT4_L3	26268594.0	237.0	18054568.0	68.73	234.64	1805305.0	1431162.0	1785292.0	17262.0	1355.0	1396.0	1.49	0.07	2.48	0.05	2.03	531729.0	2.02	6185.0	0.02	0.07	29.15	0.01	18383	7655103	2626
4_A11_303_X11_68_rt3_i_10479813_22MM3HLT4_L3	18061557.0	230.0	11420237.0	63.23	226.02	1093087.0	914634.0	1079172.0	12138.0	809.0	968.0	1.56	0.07	2.16	0.06	2.16	351009.0	1.94	7470.0	0.04	0.1	34.66	0.02	18065	6261164	3613
4_A12_403_A20_rt2_o_10479813_22MM3HLT4_L3	21759317.0	230.0	14333655.0	65.87	229.27	1783695.0	1494448.0	1737220.0	44262.0	1185.0	1028.0	1.6	0.07	2.63	0.06	2.05	412712.0	1.9	8206.0	0.04	0.09	32.08	0.02	19585	6980807	4352
4_B01_304_X5_31_rt3_o_10479813_22MM3HLT4_L3	14600366.0	240.0	9668919.0	66.22	234.65	1015486.0	876145.0	1001342.0	11834.0	920.0	1390.0	1.56	0.07	2.13	0.04	2.21	259252.0	1.78	4160.0	0.03	0.08	31.88	0.02	11677	4653438	2919
4_B02_319_X8_37_rt2_o_10479813_22MM3HLT4_L3	18225587.0	240.0	12104192.0	66.41	235.78	1170809.0	994339.0	1104559.0	64332.0	937.0	981.0	1.55	0.07	2.48	0.06	2.17	351250.0	1.93	5339.0	0.03	0.08	31.53	0.02	14581	5746580	3645
4_B03_409_X2_45_rt1_i_10479813_22MM3HLT4_L3	2075808.0	216.0	796325.0	38.36	210.22	66620.0	60970.0	65595.0	778.0	175.0	72.0	1.54	0.07	1.75	0.05	1.79	15814.0	0.76	662.0	0.03	0.2	60.64	0.01	4151	1258648	208
4_B04_319_X8_37_rt3_i_10479813_22MM3HLT4_L3	23118725.0	245.0	14618034.0	63.23	235.78	1224081.0	1059631.0	1142870.0	78075.0	959.0	2177.0	1.52	0.07	1.89	0.05	2.09	317303.0	1.37	5388.0	0.02	0.06	35.3	0.01	13873	8161815	2312
4_B05_418_X5_36_rt1_i_10479813_22MM3HLT4_L3	16392012.0	252.0	12128274.0	73.99	241.73	1528237.0	1355885.0	1507511.0	18063.0	1244.0	1419.0	1.52	0.08	2.18	0.04	2.16	312890.0	1.91	4050.0	0.02	0.04	24.03	0.01	6556	3938603	1639
4_B06_207_A04_rt2_o_10479813_22MM3HLT4_L3	25881906.0	242.0	17120782.0	66.15	236.61	1534134.0	1382022.0	1510366.0	20433.0	1420.0	1915.0	1.49	0.1	1.82	0.04	2.07	376345.0	1.45	7034.0	0.03	0.06	32.29	0.02	15529	8357040	5176
4_B07_403_A20_rt3_o_10479813_22MM3HLT4_L3	24681385.0	253.0	18607874.0	75.39	240.87	2587356.0	2166526.0	2537227.0	47357.0	1276.0	1496.0	1.56	0.07	2.72	0.08	2.08	566917.0	2.3	12091.0	0.05	0.04	22.16	0.06	9873	5469820	14810
4_B08_220_X10_39_rt2_o_10479813_22MM3HLT4_L3	24469798.0	249.0	17827618.0	72.86	243.21	2030324.0	1653643.0	1993351.0	34132.0	1300.0	1541.0	1.53	0.07	1.99	0.06	2.07	461084.0	1.88	4713.0	0.02	0.05	25.18	0.01	12235	6161701	2447
4_B09_205_X1_54_rt2_i_10479813_22MM3HLT4_L3	21262967.0	241.0	13461120.0	63.31	235.19	1078881.0	947987.0	1063955.0	12819.0	964.0	1143.0	1.41	0.1	1.85	0.05	1.86	245114.0	1.15	4068.0	0.02	0.07	35.44	0.01	14884	7535654	2126
4_B10_207_A04_rt1_i_10479813_22MM3HLT4_L3	99627.0	232.0	17518.0	17.58	203.16	417.0	395.0	409.0	1.0	7.0	0.0	1.62	0.06	1.75	0.03	2.34	485.0	0.49	80.0	0.08	0.08	81.76	0.01	80	81454	10
4_B11_101_X2_24_rt2_i_10479813_22MM3HLT4_L3	15351275.0	249.0	11384806.0	74.16	242.03	1283527.0	1046244.0	1268206.0	13557.0	866.0	898.0	1.54	0.07	2.54	0.05	2.02	322681.0	2.1	3432.0	0.02	0.04	23.66	0.01	6141	3632679	1535
4_B12_307_A03_rt3_o_10479813_22MM3HLT4_L3	22139660.0	246.0	14724638.0	66.51	240.42	1222315.0	1013400.0	1206393.0	12598.0	772.0	2552.0	1.56	0.07	2.45	0.06	1.72	380256.0	1.72	6380.0	0.03	0.06	31.68	0.01	13282	7012890	2214
4_C01_307_A03_rt2_i_10479813_22MM3HLT4_L3	6886413.0	241.0	4622816.0	67.13	236.8	598673.0	521625.0	591273.0	6536.0	321.0	543.0	1.56	0.07	2.46	0.05	1.73	130980.0	1.9	2118.0	0.03	0.08	30.84	0.02	5509	2123613	1377
4_C02_319_X8_37_rt3_o_10479813_22MM3HLT4_L3	7675475.0	247.0	4957770.0	64.59	237.92	544096.0	473513.0	524958.0	18106.0	374.0	658.0	1.57	0.07	2.19	0.08	2.25	164789.0	2.15	3192.0	0.04	0.06	33.11	0.04	4607	2542046	3071
4_C03_409_X2_45_rt2_i_10479813_22MM3HLT4_L3	16818237.0	245.0	11059333.0	65.76	237.77	1341427.0	1149947.0	1322908.0	15876.0	845.0	1798.0	1.54	0.06	2.07	0.05	1.96	262807.0	1.56	6690.0	0.04	0.07	32.55	0.02	11773	5474271	3364
4_C04_106_X4_46_rt1_o_10479813_22MM3HLT4_L3	7557966.0	231.0	4215916.0	55.78	226.34	296427.0	267459.0	292545.0	3109.0	468.0	305.0	1.57	0.09	1.87	0.04	2.15	79649.0	1.05	1482.0	0.02	0.11	43.03	0.01	8313	3251850	756
4_C05_118_C14_rt1_i_10479813_22MM3HLT4_L3	13176125.0	250.0	9476006.0	71.92	243.69	1223604.0	1043930.0	1206870.0	15554.0	579.0	601.0	1.45	0.05	1.92	0.04	2.17	188929.0	1.43	2693.0	0.02	0.05	26.56	0.02	6587	3499275	2635
4_C06_409_X2_45_rt1_o_10479813_22MM3HLT4_L3	17459297.0	248.0	12017839.0	68.83	239.86	1334692.0	1094135.0	1316850.0	15543.0	792.0	1507.0	1.53	0.07	2.14	0.06	2.01	283479.0	1.62	4566.0	0.03	0.05	29.45	0.02	8729	5141193	3491
4_C07_307_A03_rt2_o_10479813_22MM3HLT4_L3	17422248.0	234.0	10179422.0	58.43	230.26	835066.0	719515.0	823469.0	9011.0	697.0	1889.0	1.54	0.07	2.45	0.06	1.67	245625.0	1.41	5279.0	0.03	0.09	40.03	0.01	15681	6974499	1742
4_C08_218_X8_415_rt2_o_10479813_22MM3HLT4_L3	15479006.0	232.0	8427728.0	54.45	227.54	675680.0	581310.0	665563.0	7582.0	1008.0	1527.0	1.47	0.09	2.43	0.04	2.15	180649.0	1.17	3538.0	0.02	0.09	44.26	0.01	13932	6851611	1548
4_C09_115_X1_54_rt3_o_10479813_22MM3HLT4_L3	4596118.0	220.0	2202862.0	47.93	217.68	148537.0	131991.0	146127.0	1928.0	206.0	276.0	1.48	0.1	1.96	0.04	1.74	39164.0	0.85	1041.0	0.02	0.14	51.04	0.01	6435	2346156	460
4_C10_210_X11_68_rt1_o_10479813_22MM3HLT4_L3	933138.0	232.0	563759.0	60.42	229.54	27538.0	23518.0	26918.0	525.0	50.0	45.0	1.49	0.11	1.83	0.06	2.28	10207.0	1.09	134.0	0.01	0.1	38.37	0.01	933	358012	93
4_C11_101_X2_24_rt2_o_10479813_22MM3HLT4_L3	21959865.0	247.0	15080490.0	68.67	237.79	1267996.0	942904.0	1253200.0	12568.0	922.0	1306.0	1.56	0.07	2.53	0.06	2.1	414745.0	1.89	4329.0	0.02	0.05	29.36	0.01	10979	6447126	2196
4_C12_101_X2_24_rt1_i_10479813_22MM3HLT4_L3	17537160.0	252.0	13428212.0	76.57	240.6	1712143.0	1324252.0	1692092.0	17987.0	1109.0	955.0	1.56	0.07	2.58	0.05	2.07	454640.0	2.59	3420.0	0.02	0.03	20.77	0.01	5263	3643870	1754
4_D01_307_A03_rt3_i_10479813_22MM3HLT4_L3	7727843.0	246.0	5331015.0	68.98	237.07	635769.0	562697.0	627482.0	7105.0	415.0	767.0	1.57	0.06	2.33	0.05	1.77	136521.0	1.77	2395.0	0.03	0.07	29.14	0.01	5409	2251730	773
4_D02_402_X11_57_rt2_i_10479813_22MM3HLT4_L3	12271949.0	244.0	8055341.0	65.64	236.34	837635.0	723134.0	809566.0	27126.0	475.0	468.0	1.52	0.06	2.04	0.04	1.73	167298.0	1.36	3745.0	0.03	0.07	32.87	0.03	8589	4033295	3681
4_D03_409_X2_45_rt3_i_10479813_22MM3HLT4_L3	339911.0	199.0	151476.0	44.56	194.04	2801.0	2427.0	2691.0	25.0	42.0	43.0	1.56	0.05	1.99	0.04	1.74	2695.0	0.79	55.0	0.02	0.18	54.45	0.0	612	185073	0
4_D04_220_X10_39_rt3_i_10479813_22MM3HLT4_L3	15109006.0	232.0	7659473.0	50.69	227.15	715189.0	612969.0	674756.0	38546.0	1173.0	714.0	1.51	0.09	1.52	0.05	1.91	163840.0	1.08	2859.0	0.02	0.12	48.06	0.02	18132	7261681	3022
4_D05_207_A04_rt3_o_10479813_22MM3HLT4_L3	17216125.0	244.0	10459274.0	60.75	234.82	1070386.0	983529.0	1053717.0	14863.0	897.0	909.0	1.47	0.1	1.71	0.04	2.05	219106.0	1.27	4368.0	0.03	0.06	37.88	0.01	10329	6521326	1722
4_D06_403_A20_rt3_i_10479813_22MM3HLT4_L3	29096597.0	250.0	20364840.0	69.99	241.52	1773441.0	1466186.0	1628582.0	142313.0	1052.0	1494.0	1.56	0.07	2.33	0.06	1.91	457373.0	1.57	8238.0	0.03	0.05	28.35	0.01	14548	8248688	2910
4_D07_220_X10_39_rt3_o_10479813_22MM3HLT4_L3	14578901.0	229.0	8331800.0	57.15	225.96	787017.0	667605.0	748568.0	36363.0	1179.0	907.0	1.51	0.08	1.66	0.05	1.96	191284.0	1.31	3657.0	0.03	0.11	41.39	0.02	16034	6033211	2915
4_D08_106_X4_46_rt2_o_10479813_22MM3HLT4_L3	14853758.0	235.0	9071333.0	61.07	231.25	729369.0	643366.0	719684.0	7924.0	854.0	907.0	1.51	0.09	1.93	0.04	2.22	182394.0	1.23	2654.0	0.02	0.09	37.58	0.01	13370	5582522	1486
4_D09_417_X1_54_rt2_o_10479813_22MM3HLT4_L3	26038.0	103.0	831.0	3.19	228.94	43.0	28.0	42.0	0.0	0.0	1.0	1.48	0.1	2.54	0.04	1.57	18.0	0.07	1.0	0.0	0.0	96.72	0.01	0	25185	3
4_D10_307_A03_rt1_i_10479813_22MM3HLT4_L3	17891694.0	249.0	13215452.0	73.86	242.03	1180171.0	995646.0	1164977.0	12923.0	665.0	1606.0	1.5	0.07	2.43	0.06	1.67	361805.0	2.02	3834.0	0.02	0.05	24.04	0.01	8943	4299871	1789
4_D11_303_X11_68_rt1_o_10479813_22MM3HLT4_L3	20935751.0	249.0	15285833.0	73.01	241.57	1544952.0	1200876.0	1524381.0	17881.0	866.0	1824.0	1.57	0.08	2.36	0.05	2.21	470342.0	2.25	3933.0	0.02	0.05	24.66	0.01	10469	5163081	2094
4_D12_302_C17_rt3_o_10479813_22MM3HLT4_L3	27636207.0	252.0	19371879.0	70.1	243.61	1878670.0	1457419.0	1853161.0	22034.0	1195.0	2280.0	1.47	0.07	2.37	0.05	2.54	467239.0	1.69	6354.0	0.02	0.04	28.14	0.01	11055	7776917	2764
4_E01_317_X4_42_rt1_i_10479813_22MM3HLT4_L3	3161366.0	225.0	1711236.0	54.13	224.0	146150.0	132269.0	143673.0	2005.0	281.0	191.0	1.55	0.08	1.56	0.04	2.02	32394.0	1.02	973.0	0.03	0.14	44.65	0.02	4426	1411704	632
4_E02_403_A20_rt2_i_10479813_22MM3HLT4_L3	34999.0	199.0	11965.0	34.19	198.32	1120.0	1006.0	1076.0	38.0	5.0	1.0	1.58	0.07	2.08	0.04	1.88	363.0	1.04	43.0	0.12	0.26	64.24	0.15	91	22484	53
4_E03_409_X2_45_rt3_o_10479813_22MM3HLT4_L3	4775725.0	229.0	2340235.0	49.0	226.29	207941.0	174740.0	204998.0	2437.0	252.0	254.0	1.54	0.06	2.05	0.05	2.02	50910.0	1.07	1691.0	0.04	0.12	49.76	0.02	5730	2376204	955
4_E04_307_A03_rt1_o_10479813_22MM3HLT4_L3	18111534.0	191.0	7066917.0	39.02	180.7	154969.0	135031.0	149320.0	1239.0	1942.0	2468.0	1.63	0.06	2.23	0.04	1.6	130026.0	0.72	3668.0	0.02	0.2	60.04	0.0	36225	10874698	0
4_E05_107_X4_32_rt1_i_10479813_22MM3HLT4_L3	19432641.0	247.0	13910704.0	71.58	240.87	1155914.0	993851.0	1140353.0	12983.0	1004.0	1574.0	1.51	0.08	2.34	0.05	2.15	293185.0	1.51	3209.0	0.02	0.05	26.83	0.01	9717	5213883	1943
4_E06_218_X8_415_rt1_o_10479813_22MM3HLT4_L3	24518754.0	255.0	18273569.0	74.53	243.82	2764303.0	2170127.0	2726875.0	34566.0	1437.0	1425.0	1.54	0.08	2.64	0.04	2.28	481528.0	1.96	6419.0	0.03	0.03	23.43	0.01	7359	5747426	2453
4_E07_402_X11_57_rt1_o_10479813_22MM3HLT4_L3	18857022.0	246.0	12952901.0	68.69	242.48	1196107.0	992619.0	1154624.0	39572.0	616.0	1295.0	1.51	0.06	2.19	0.04	1.81	280696.0	1.49	5577.0	0.03	0.06	29.7	0.02	11319	5602756	3773
4_E08_402_X11_57_rt2_o_10479813_22MM3HLT4_L3	11198164.0	205.0	5313790.0	47.45	197.06	126765.0	81271.0	93886.0	31292.0	776.0	811.0	1.63	0.05	1.89	0.03	1.7	92950.0	0.83	1977.0	0.02	0.17	51.53	0.0	19037	5770410	0
4_E09_411_C17_rt3_i_10479813_22MM3HLT4_L3	16538198.0	254.0	11898344.0	71.94	244.19	913441.0	782317.0	897914.0	13580.0	926.0	1021.0	1.44	0.09	2.0	0.05	2.75	226915.0	1.37	3378.0	0.02	0.03	26.62	0.01	4962	4402945	1654
4_E10_411_C17_rt2_o_10479813_22MM3HLT4_L3	16555897.0	255.0	12773345.0	77.15	244.55	1873016.0	1591308.0	1846168.0	23710.0	1299.0	1839.0	1.55	0.07	2.46	0.04	2.56	298768.0	1.8	4280.0	0.03	0.03	20.97	0.02	4966	3471227	3311
4_E11_106_X4_46_rt1_i_10479813_22MM3HLT4_L3	13575004.0	254.0	10709333.0	78.89	243.84	1647603.0	1410926.0	1626518.0	19000.0	959.0	1126.0	1.53	0.07	2.23	0.04	2.26	316505.0	2.33	2495.0	0.02	0.04	18.7	0.03	5427	2537174	4070
4_E12_403_A20_rt1_o_10479813_22MM3HLT4_L3	21599611.0	245.0	15573172.0	72.1	239.63	1744988.0	1470921.0	1696883.0	46031.0	813.0	1261.0	1.51	0.08	2.77	0.06	1.97	405470.0	1.88	5889.0	0.03	0.06	25.92	0.02	12958	5597803	4319
4_F01_317_X4_42_rt3_o_10479813_22MM3HLT4_L3	7053947.0	235.0	4325591.0	61.32	231.84	456062.0	406342.0	449822.0	5328.0	359.0	553.0	1.5	0.07	1.79	0.04	1.96	99237.0	1.41	2384.0	0.03	0.09	37.11	0.04	6348	2617565	2821
4_F02_407_X2_24_rt1_i_10479813_22MM3HLT4_L3	13120663.0	240.0	8416080.0	64.14	231.68	828583.0	711695.0	816801.0	8696.0	744.0	2342.0	1.54	0.07	2.38	0.05	1.96	200265.0	1.53	3757.0	0.03	0.08	34.22	0.01	10494	4488755	1312
4_F03_418_X5_36_rt3_i_10479813_22MM3HLT4_L3	11636672.0	233.0	6430252.0	55.26	225.54	439195.0	393413.0	432148.0	5167.0	1327.0	553.0	1.53	0.08	2.0	0.04	2.19	139064.0	1.2	3485.0	0.03	0.09	43.41	0.01	10475	5052233	1164
4_F04_112_X4_67_rt2_o_10479813_22MM3HLT4_L3	8225417.0	238.0	3906391.0	47.49	228.87	384647.0	344952.0	379925.0	4019.0	385.0	318.0	1.51	0.06	1.78	0.03	2.05	79419.0	0.97	2563.0	0.03	0.09	51.41	0.01	7403	4228818	823
4_F05_107_X4_32_rt1_o_10479813_22MM3HLT4_L3	22179341.0	237.0	13257142.0	59.77	233.57	1102609.0	970726.0	1087243.0	11810.0	1322.0	2234.0	1.54	0.08	2.5	0.04	2.05	301753.0	1.36	5201.0	0.02	0.08	38.74	0.02	17745	8593064	4436
4_F06_207_A04_rt1_o_10479813_22MM3HLT4_L3	22026358.0	240.0	13458967.0	61.1	235.77	1234858.0	1129512.0	1216003.0	16690.0	1000.0	1165.0	1.48	0.1	1.76	0.04	2.02	283876.0	1.29	5966.0	0.03	0.07	37.49	0.02	15419	8257725	4405
4_F07_107_X4_32_rt3_o_10479813_22MM3HLT4_L3	16959884.0	240.0	10821623.0	63.81	234.42	1000812.0	857582.0	987320.0	11096.0	856.0	1540.0	1.54	0.08	2.5	0.04	2.05	271845.0	1.6	3331.0	0.02	0.07	34.48	0.02	11872	5847821	3392
4_F08_303_X11_68_rt2_o_10479813_22MM3HLT4_L3	229190.0	220.0	117235.0	51.15	217.02	4626.0	4093.0	4510.0	89.0	20.0	7.0	1.53	0.1	1.66	0.05	2.13	1882.0	0.82	37.0	0.02	0.15	47.85	0.01	344	109669	23
4_F09_412_X11_68_rt2_i_10479813_22MM3HLT4_L3	33926416.0	248.0	24276180.0	71.56	239.51	2495547.0	2104462.0	2460151.0	32046.0	1330.0	2020.0	1.49	0.07	2.12	0.07	2.18	631839.0	1.86	9069.0	0.03	0.05	26.47	0.04	16960	8978799	13568
4_F10_402_X11_57_rt3_o_10479813_22MM3HLT4_L3	10650518.0	238.0	6607711.0	62.04	233.51	500003.0	411099.0	481312.0	17670.0	430.0	591.0	1.51	0.06	2.1	0.04	1.78	128631.0	1.21	2750.0	0.03	0.08	36.63	0.01	8522	3901839	1065
4_F11_320_X2_24_rt3_i_10479813_22MM3HLT4_L3	23658223.0	246.0	16003598.0	67.64	237.6	1247802.0	1063018.0	1229079.0	15170.0	1513.0	2040.0	1.47	0.08	2.28	0.05	1.93	331744.0	1.4	4869.0	0.02	0.05	30.88	0.01	11826	7303821	2365
4_F12_409_X2_45_rt2_o_10479813_22MM3HLT4_L3	17709144.0	242.0	10911254.0	61.61	236.15	823353.0	617990.0	811944.0	8909.0	658.0	1842.0	1.54	0.07	2.12	0.05	2.03	263213.0	1.49	6051.0	0.03	0.07	36.78	0.02	12395	6512690	3541
4_G01_319_X8_37_rt1_i_10479813_22MM3HLT4_L3	17895846.0	216.0	8574664.0	47.91	209.56	276920.0	122222.0	138995.0	135123.0	1951.0	851.0	1.63	0.07	2.02	0.04	1.85	174821.0	0.98	2624.0	0.01	0.15	50.93	0.01	26846	9115101	1790
4_G02_407_X2_24_rt2_i_10479813_22MM3HLT4_L3	14034954.0	248.0	10092560.0	71.91	239.27	1410949.0	1192815.0	1393270.0	14996.0	969.0	1714.0	1.53	0.07	2.48	0.05	2.03	274960.0	1.96	3772.0	0.03	0.05	26.04	0.02	7016	3653840	2806
4_G03_418_X5_36_rt3_o_10479813_22MM3HLT4_L3	504875.0	219.0	243554.0	48.24	217.27	13566.0	11981.0	13310.0	157.0	75.0	24.0	1.59	0.08	1.96	0.04	2.15	4835.0	0.96	94.0	0.02	0.19	50.59	0.01	959	255382	50
4_G04_304_X5_31_rt2_o_10479813_22MM3HLT4_L3	4135993.0	225.0	1938782.0	46.88	220.02	143175.0	128439.0	140812.0	1727.0	365.0	271.0	1.55	0.07	1.63	0.04	2.17	41559.0	1.0	1156.0	0.03	0.14	51.94	0.01	5791	2148292	414
4_G05_105_X5_66_rt2_o_10479813_22MM3HLT4_L3	18021518.0	247.0	11493968.0	63.78	239.25	1021347.0	844374.0	1007587.0	11105.0	850.0	1805.0	1.53	0.07	2.07	0.04	2.2	272169.0	1.51	4448.0	0.02	0.06	34.61	0.01	10815	6238316	1802
4_G06_112_X4_67_rt1_o_10479813_22MM3HLT4_L3	22046152.0	248.0	15897496.0	72.11	239.52	732383.0	609963.0	723943.0	6235.0	651.0	1554.0	1.42	0.06	2.2	0.04	1.97	387130.0	1.76	2407.0	0.01	0.04	26.08	0.01	8816	5748099	2204
4_G07_418_X5_36_rt2_o_10479813_22MM3HLT4_L3	11054121.0	229.0	5623584.0	50.87	224.06	415778.0	372836.0	409358.0	4884.0	1004.0	532.0	1.56	0.09	2.09	0.04	2.2	131303.0	1.19	2937.0	0.03	0.11	47.79	0.01	12160	5283031	1105
4_G08_205_X1_54_rt3_i_10479813_22MM3HLT4_L3	17452991.0	239.0	10977606.0	62.9	233.26	817678.0	713363.0	806385.0	9741.0	801.0	751.0	1.47	0.09	1.86	0.05	1.87	186187.0	1.07	4138.0	0.02	0.07	35.93	0.01	12218	6271097	1745
4_G09_BLANK_10479813_22MM3HLT4_L3	40199.0	247.0	135.0	0.34	187.88	0.0	0.0	0.0	0.0	0.0	0.0	3.8	0.15	3.45	0.0	1.0	68.0	0.17	17.0	0.04	0.02	99.39	0.04	8	39955	16
4_G10_417_X1_54_rt2_i_10479813_22MM3HLT4_L3	21947896.0	247.0	16129262.0	73.49	240.61	1443616.0	1202692.0	1424070.0	17751.0	569.0	1226.0	1.4	0.07	2.17	0.04	1.77	309760.0	1.41	3537.0	0.02	0.04	25.02	0.02	8780	5492166	4390
4_G11_320_X2_24_rt2_o_10479813_22MM3HLT4_L3	20341500.0	247.0	14362710.0	70.61	240.98	1222450.0	1009222.0	1206597.0	13281.0	1130.0	1442.0	1.49	0.08	2.41	0.05	1.98	330153.0	1.62	3934.0	0.02	0.04	27.7	0.01	8137	5634532	2034
4_G12_407_X2_24_rt3_i_10479813_22MM3HLT4_L3	16953958.0	247.0	11875806.0	70.05	239.2	1685121.0	1460935.0	1664943.0	16443.0	1167.0	2568.0	1.5	0.07	2.66	0.05	2.01	419570.0	2.47	10744.0	0.06	0.05	27.22	0.15	8475	4613937	25426
4_H01_319_X8_37_rt1_o_10479813_22MM3HLT4_L3	3514901.0	225.0	1645014.0	46.8	222.59	166695.0	147825.0	158863.0	7538.0	131.0	163.0	1.58	0.07	2.46	0.07	2.09	67579.0	1.92	2550.0	0.07	0.15	50.86	0.2	5272	1787457	7029
4_H02_407_X2_24_rt2_o_10479813_22MM3HLT4_L3	14335497.0	225.0	8176030.0	57.03	226.21	731926.0	614798.0	721977.0	7244.0	852.0	1853.0	1.57	0.07	2.51	0.05	1.99	199724.0	1.39	3635.0	0.03	0.13	41.4	0.02	18635	5934606	2867
4_H03_402_X11_57_rt3_i_10479813_22MM3HLT4_L3	4087317.0	204.0	1642845.0	40.19	198.72	121684.0	104732.0	110962.0	10284.0	325.0	113.0	1.58	0.06	1.81	0.03	1.75	28887.0	0.71	1226.0	0.03	0.23	58.82	0.02	9401	2404141	817
4_H04_317_X4_42_rt2_o_10479813_22MM3HLT4_L3	19222638.0	239.0	11558496.0	60.13	231.01	150627.0	110343.0	146361.0	1635.0	667.0	1964.0	1.47	0.07	1.68	0.04	1.88	219210.0	1.14	1669.0	0.01	0.05	38.66	0.0	9614	7433649	0
4_H05_118_C14_rt1_o_10479813_22MM3HLT4_L3	23615899.0	248.0	15344567.0	64.98	239.89	1633167.0	1354250.0	1612506.0	18908.0	817.0	936.0	1.46	0.06	1.96	0.04	2.16	321759.0	1.36	4080.0	0.02	0.05	33.58	0.01	11810	7931321	2362
4_H06_402_X11_57_rt1_i_10479813_22MM3HLT4_L3	12137604.0	243.0	8156125.0	67.2	235.86	779118.0	662670.0	742289.0	35796.0	480.0	553.0	1.52	0.06	1.91	0.04	1.64	168223.0	1.39	2974.0	0.02	0.07	31.3	0.02	8497	3799357	2428
4_H07_118_C14_rt2_o_10479813_22MM3HLT4_L3	20871700.0	253.0	15736158.0	75.39	244.04	2061864.0	1591235.0	2036750.0	22995.0	991.0	1128.0	1.47	0.06	2.11	0.04	2.14	347916.0	1.67	3370.0	0.02	0.03	22.87	0.01	6265	4775903	2088
4_H08_304_X5_31_rt3_i_10479813_22MM3HLT4_L3	13760810.0	227.0	7148386.0	51.95	220.08	444764.0	395529.0	437350.0	5640.0	918.0	856.0	1.57	0.07	1.63	0.04	2.1	145270.0	1.06	3591.0	0.03	0.11	46.85	0.01	15137	6447050	1376
4_H09_210_X11_68_rt1_i_10479813_22MM3HLT4_L3	23953989.0	242.0	16265764.0	67.9	235.34	1103437.0	955643.0	1085995.0	15514.0	773.0	1155.0	1.49	0.1	1.71	0.06	2.2	362274.0	1.51	3596.0	0.02	0.07	30.49	0.01	16767	7303193	2395
4_H10_411_C17_rt1_i_10479813_22MM3HLT4_L3	19535503.0	251.0	14558013.0	74.52	241.34	1495612.0	1283254.0	1470938.0	21714.0	1347.0	1613.0	1.46	0.09	2.09	0.05	2.61	290781.0	1.49	4116.0	0.02	0.04	23.91	0.02	7814	4670872	3907
4_H11_206_C17_rt1_o_10479813_22MM3HLT4_L3	10906583.0	229.0	6459041.0	59.22	228.15	280615.0	208921.0	275653.0	2994.0	885.0	1083.0	1.46	0.08	2.28	0.04	2.29	147884.0	1.36	2232.0	0.02	0.08	39.32	0.01	8724	4287612	1090
4_H12_317_X4_42_rt2_i_10479813_22MM3HLT4_L3	14744822.0	251.0	10935198.0	74.16	240.65	1692970.0	1483685.0	1671488.0	19286.0	1042.0	1154.0	1.49	0.07	2.01	0.04	2.03	292514.0	1.98	6335.0	0.04	0.04	23.7	0.07	5898	3494556	10321
_Log.final.out	4805945.0	196.0	1899833.0	39.53	196.2	124118.0	113056.0	121239.0	1487.0	1202.0	190.0	1.58	0.06	2.23	0.04	2.13	38836.0	0.81	2000.0	0.04	0.24	59.33	0.04	11536	2851817	1923
